res	pred_3	P_max	P_0	P_1	P_2
M	2	0.86	0.02	0.12	0.86
T	2	0.83	0.03	0.14	0.83
H	2	0.77	0.05	0.18	0.77
N	2	0.72	0.07	0.22	0.72
I	2	0.60	0.12	0.28	0.60
H	2	0.65	0.09	0.26	0.65
D	2	0.67	0.07	0.26	0.67
N	2	0.52	0.13	0.35	0.52
I	1	0.42	0.22	0.42	0.36
S	2	0.45	0.14	0.41	0.45
Q	2	0.50	0.12	0.39	0.50
W	1	0.45	0.22	0.45	0.33
M	1	0.44	0.18	0.44	0.37
K	2	0.67	0.06	0.27	0.67
S	2	0.76	0.04	0.20	0.76
N	2	0.75	0.04	0.21	0.75
E	2	0.77	0.04	0.19	0.77
E	2	0.71	0.05	0.24	0.71
T	1	0.49	0.14	0.49	0.37
P	1	0.57	0.26	0.57	0.17
I	0	0.64	0.64	0.32	0.04
V	0	0.80	0.80	0.18	0.02
M	0	0.83	0.83	0.16	0.02
S	0	0.82	0.82	0.16	0.02
S	0	0.82	0.82	0.17	0.02
R	0	0.80	0.80	0.18	0.02
I	0	0.79	0.79	0.19	0.03
R	0	0.76	0.76	0.21	0.03
L	0	0.78	0.78	0.19	0.03
A	0	0.71	0.71	0.24	0.04
R	0	0.59	0.59	0.33	0.08
N	0	0.45	0.45	0.40	0.14
L	1	0.42	0.39	0.42	0.19
E	2	0.48	0.13	0.39	0.48
N	2	0.47	0.14	0.39	0.47
H	1	0.45	0.32	0.45	0.23
V	1	0.46	0.32	0.46	0.22
H	0	0.46	0.46	0.39	0.15
P	0	0.43	0.43	0.40	0.18
L	1	0.42	0.33	0.42	0.25
M	1	0.43	0.24	0.43	0.32
Y	1	0.41	0.29	0.41	0.30
A	1	0.39	0.23	0.39	0.38
T	2	0.57	0.11	0.32	0.57
E	2	0.68	0.07	0.25	0.68
N	2	0.65	0.07	0.28	0.65
D	2	0.52	0.12	0.36	0.52
G	1	0.41	0.21	0.41	0.37
F	1	0.45	0.24	0.45	0.31
R	1	0.49	0.24	0.49	0.27
V	1	0.43	0.42	0.43	0.15
I	1	0.44	0.43	0.44	0.13
N	1	0.52	0.24	0.52	0.24
E	1	0.52	0.31	0.52	0.18
V	0	0.50	0.50	0.40	0.10
Q	1	0.48	0.24	0.48	0.28
D	2	0.50	0.11	0.39	0.50
A	1	0.47	0.22	0.47	0.31
L	1	0.46	0.26	0.46	0.28
P	2	0.53	0.10	0.37	0.53
N	2	0.56	0.09	0.34	0.56
F	1	0.46	0.23	0.46	0.31
E	1	0.46	0.22	0.46	0.32
L	1	0.47	0.28	0.47	0.25
M	1	0.47	0.31	0.47	0.21
R	1	0.49	0.29	0.49	0.22
L	1	0.47	0.33	0.47	0.20
D	2	0.51	0.12	0.37	0.51
Q	2	0.54	0.11	0.35	0.54
M	2	0.46	0.16	0.38	0.46
D	2	0.56	0.11	0.33	0.56
Q	2	0.56	0.11	0.33	0.56
Q	2	0.44	0.17	0.39	0.44
S	1	0.42	0.26	0.42	0.32
K	1	0.42	0.30	0.42	0.27
M	1	0.45	0.28	0.45	0.27
K	1	0.47	0.33	0.47	0.20
M	0	0.50	0.50	0.40	0.11
V	0	0.54	0.54	0.37	0.09
A	1	0.44	0.41	0.44	0.15
K	1	0.46	0.37	0.46	0.18
H	0	0.47	0.47	0.41	0.11
L	0	0.48	0.48	0.41	0.11
I	1	0.44	0.41	0.44	0.15
S	1	0.48	0.25	0.48	0.27
P	1	0.42	0.15	0.42	0.42
E	2	0.63	0.08	0.29	0.63
L	2	0.49	0.14	0.38	0.49
I	2	0.46	0.14	0.40	0.46
K	2	0.70	0.05	0.25	0.70
Q	2	0.69	0.06	0.26	0.69
P	2	0.60	0.08	0.33	0.60
A	1	0.46	0.15	0.46	0.38
A	1	0.52	0.32	0.52	0.16
A	0	0.61	0.61	0.34	0.05
V	0	0.75	0.75	0.22	0.03
L	0	0.76	0.76	0.21	0.02
V	0	0.69	0.69	0.27	0.04
N	1	0.48	0.37	0.48	0.15
D	2	0.43	0.14	0.43	0.43
D	2	0.58	0.08	0.34	0.58
E	2	0.50	0.10	0.40	0.50
S	1	0.52	0.24	0.52	0.24
L	0	0.56	0.56	0.37	0.07
S	0	0.74	0.74	0.23	0.03
V	0	0.82	0.82	0.17	0.02
M	0	0.82	0.82	0.17	0.02
I	0	0.81	0.81	0.18	0.02
N	0	0.72	0.72	0.24	0.04
E	0	0.49	0.49	0.38	0.13
E	1	0.42	0.39	0.42	0.19
D	0	0.60	0.60	0.32	0.08
H	0	0.76	0.76	0.21	0.03
I	0	0.82	0.82	0.17	0.02
R	0	0.81	0.81	0.17	0.02
I	0	0.82	0.82	0.16	0.02
Q	0	0.79	0.79	0.19	0.02
A	0	0.74	0.74	0.23	0.03
M	0	0.49	0.49	0.38	0.13
G	1	0.39	0.28	0.39	0.33
T	2	0.48	0.17	0.35	0.48
D	2	0.54	0.12	0.33	0.54
T	1	0.42	0.20	0.42	0.38
T	1	0.46	0.24	0.46	0.31
L	1	0.45	0.37	0.45	0.18
Q	1	0.51	0.25	0.51	0.24
A	1	0.53	0.27	0.53	0.20
L	0	0.49	0.49	0.41	0.10
Y	0	0.45	0.45	0.42	0.12
N	1	0.51	0.26	0.51	0.24
Q	1	0.49	0.34	0.49	0.17
A	0	0.52	0.52	0.39	0.09
S	1	0.50	0.28	0.50	0.22
S	1	0.53	0.23	0.53	0.24
I	1	0.46	0.38	0.46	0.17
D	1	0.47	0.29	0.47	0.24
D	1	0.45	0.15	0.45	0.41
E	1	0.46	0.20	0.46	0.35
L	1	0.45	0.32	0.45	0.23
D	1	0.44	0.17	0.44	0.39
R	2	0.47	0.12	0.41	0.47
S	1	0.44	0.16	0.44	0.41
L	1	0.48	0.28	0.48	0.24
D	1	0.52	0.23	0.52	0.25
I	1	0.47	0.38	0.47	0.15
S	1	0.43	0.42	0.43	0.15
Y	1	0.46	0.37	0.46	0.17
D	1	0.46	0.19	0.46	0.35
E	2	0.49	0.12	0.39	0.49
Q	2	0.43	0.15	0.42	0.43
L	1	0.47	0.36	0.47	0.17
G	0	0.57	0.57	0.36	0.07
Y	0	0.75	0.75	0.22	0.03
L	0	0.80	0.80	0.18	0.02
T	0	0.77	0.77	0.20	0.03
T	0	0.66	0.66	0.28	0.07
C	0	0.54	0.54	0.33	0.13
P	0	0.52	0.52	0.33	0.15
T	0	0.48	0.48	0.33	0.19
N	0	0.52	0.52	0.31	0.17
I	0	0.56	0.56	0.29	0.15
G	0	0.58	0.58	0.28	0.13
T	0	0.66	0.66	0.26	0.08
G	0	0.69	0.69	0.25	0.06
M	0	0.73	0.73	0.23	0.04
R	0	0.73	0.73	0.23	0.04
A	0	0.77	0.77	0.20	0.03
S	0	0.78	0.78	0.19	0.02
V	0	0.82	0.82	0.16	0.02
M	0	0.82	0.82	0.17	0.02
L	0	0.83	0.83	0.15	0.02
H	0	0.83	0.83	0.16	0.02
L	0	0.83	0.83	0.16	0.02
P	0	0.81	0.81	0.17	0.02
G	0	0.80	0.80	0.18	0.02
L	0	0.74	0.74	0.22	0.04
S	0	0.64	0.64	0.29	0.08
I	0	0.51	0.51	0.33	0.16
M	1	0.41	0.38	0.41	0.22
K	1	0.44	0.22	0.44	0.34
R	1	0.44	0.29	0.44	0.27
M	0	0.43	0.43	0.40	0.16
T	1	0.50	0.27	0.50	0.23
R	1	0.52	0.25	0.52	0.23
I	0	0.50	0.50	0.40	0.11
A	1	0.44	0.41	0.44	0.15
Q	1	0.49	0.21	0.49	0.30
T	1	0.48	0.29	0.48	0.23
I	1	0.44	0.39	0.44	0.17
N	1	0.45	0.19	0.45	0.36
R	2	0.45	0.14	0.41	0.45
F	1	0.46	0.27	0.46	0.27
G	1	0.44	0.37	0.44	0.19
Y	0	0.62	0.62	0.31	0.06
T	0	0.64	0.64	0.30	0.06
I	0	0.72	0.72	0.24	0.04
R	0	0.65	0.65	0.30	0.05
G	0	0.59	0.59	0.33	0.08
I	0	0.55	0.55	0.34	0.11
Y	0	0.43	0.43	0.39	0.18
G	1	0.41	0.24	0.41	0.35
E	2	0.56	0.12	0.32	0.56
G	2	0.55	0.14	0.31	0.55
S	2	0.42	0.22	0.37	0.42
Q	1	0.39	0.22	0.39	0.39
V	1	0.39	0.35	0.39	0.26
Y	0	0.49	0.49	0.37	0.15
G	0	0.58	0.58	0.34	0.09
H	0	0.70	0.70	0.26	0.04
T	0	0.80	0.80	0.18	0.02
Y	0	0.81	0.81	0.17	0.02
Q	0	0.80	0.80	0.18	0.02
V	0	0.80	0.80	0.18	0.02
S	0	0.72	0.72	0.24	0.04
N	0	0.61	0.61	0.30	0.09
Q	0	0.42	0.42	0.35	0.23
L	0	0.36	0.36	0.33	0.32
T	0	0.35	0.35	0.31	0.34
L	2	0.36	0.32	0.31	0.36
G	2	0.41	0.24	0.34	0.41
K	2	0.41	0.21	0.38	0.41
S	1	0.40	0.24	0.40	0.36
E	1	0.42	0.34	0.42	0.24
L	1	0.46	0.27	0.46	0.27
E	1	0.50	0.22	0.50	0.28
I	1	0.44	0.41	0.44	0.15
I	1	0.44	0.42	0.44	0.14
E	1	0.52	0.20	0.52	0.28
T	1	0.53	0.27	0.53	0.20
L	0	0.51	0.51	0.40	0.09
T	1	0.51	0.33	0.51	0.16
E	1	0.55	0.22	0.55	0.24
V	0	0.49	0.49	0.42	0.09
V	0	0.58	0.58	0.35	0.07
N	1	0.50	0.34	0.50	0.17
Q	1	0.50	0.34	0.50	0.16
I	0	0.60	0.60	0.34	0.07
I	0	0.55	0.55	0.36	0.09
H	1	0.47	0.31	0.47	0.22
D	1	0.44	0.36	0.44	0.20
E	0	0.53	0.53	0.36	0.12
K	1	0.42	0.40	0.42	0.18
Q	1	0.47	0.28	0.47	0.24
I	0	0.48	0.48	0.40	0.12
R	0	0.43	0.43	0.41	0.17
Q	1	0.45	0.19	0.45	0.36
K	1	0.44	0.19	0.44	0.37
L	2	0.37	0.26	0.37	0.37
D	2	0.46	0.16	0.38	0.46
T	2	0.58	0.09	0.33	0.58
Y	2	0.54	0.12	0.34	0.54
N	2	0.54	0.12	0.33	0.54
Q	2	0.52	0.13	0.35	0.52
L	1	0.41	0.22	0.41	0.37
E	1	0.42	0.25	0.42	0.33
T	0	0.44	0.44	0.39	0.17
Q	0	0.50	0.50	0.37	0.13
D	0	0.59	0.59	0.33	0.08
R	0	0.62	0.62	0.31	0.07
V	0	0.72	0.72	0.23	0.04
F	0	0.71	0.71	0.25	0.05
R	0	0.69	0.69	0.26	0.06
S	0	0.73	0.73	0.22	0.04
L	0	0.72	0.72	0.24	0.04
G	0	0.75	0.75	0.22	0.03
I	0	0.79	0.79	0.19	0.02
L	0	0.76	0.76	0.21	0.03
Q	0	0.73	0.73	0.24	0.04
N	0	0.72	0.72	0.24	0.04
C	0	0.65	0.65	0.28	0.07
R	0	0.57	0.57	0.34	0.09
M	0	0.51	0.51	0.38	0.10
I	0	0.59	0.59	0.34	0.07
T	0	0.56	0.56	0.36	0.08
M	0	0.57	0.57	0.35	0.08
E	0	0.43	0.43	0.42	0.15
E	0	0.59	0.59	0.34	0.07
A	0	0.72	0.72	0.24	0.04
S	0	0.65	0.65	0.30	0.06
Y	0	0.58	0.58	0.34	0.08
R	0	0.69	0.69	0.27	0.04
L	0	0.74	0.74	0.23	0.03
S	0	0.68	0.68	0.27	0.05
E	0	0.67	0.67	0.28	0.05
V	0	0.77	0.77	0.21	0.03
K	0	0.75	0.75	0.22	0.03
L	0	0.77	0.77	0.20	0.03
G	0	0.71	0.71	0.24	0.04
I	0	0.64	0.64	0.28	0.08
D	0	0.50	0.50	0.36	0.14
L	0	0.48	0.48	0.38	0.14
N	1	0.43	0.36	0.43	0.21
Y	0	0.43	0.43	0.40	0.17
I	1	0.42	0.36	0.42	0.21
E	1	0.42	0.18	0.42	0.40
L	1	0.42	0.19	0.42	0.39
Q	2	0.57	0.11	0.33	0.57
N	2	0.46	0.17	0.37	0.46
F	1	0.41	0.21	0.41	0.38
K	1	0.44	0.28	0.44	0.29
F	0	0.54	0.54	0.35	0.11
N	0	0.52	0.52	0.38	0.10
E	0	0.48	0.48	0.41	0.11
L	0	0.66	0.66	0.30	0.05
M	0	0.69	0.69	0.27	0.04
V	0	0.66	0.66	0.28	0.06
A	0	0.58	0.58	0.33	0.09
I	0	0.61	0.61	0.31	0.08
Q	0	0.51	0.51	0.36	0.13
S	1	0.42	0.35	0.42	0.23
P	1	0.45	0.28	0.45	0.27
F	1	0.45	0.33	0.45	0.22
L	1	0.44	0.30	0.44	0.27
L	2	0.48	0.14	0.38	0.48
D	2	0.71	0.05	0.23	0.71
E	2	0.78	0.04	0.18	0.78
E	2	0.81	0.03	0.16	0.81
D	2	0.84	0.02	0.14	0.84
D	2	0.84	0.02	0.13	0.84
K	2	0.83	0.03	0.14	0.83
S	2	0.76	0.04	0.20	0.76
V	2	0.54	0.12	0.34	0.54
K	2	0.55	0.11	0.34	0.55
E	2	0.49	0.13	0.38	0.49
K	1	0.44	0.18	0.44	0.38
R	1	0.44	0.29	0.44	0.27
A	1	0.46	0.32	0.46	0.22
D	1	0.48	0.17	0.48	0.36
I	1	0.50	0.25	0.50	0.25
L	1	0.44	0.30	0.44	0.26
R	2	0.52	0.12	0.36	0.52
E	2	0.74	0.05	0.21	0.74
H	2	0.76	0.05	0.19	0.76
I	2	0.84	0.03	0.13	0.84
K	2	0.88	0.02	0.10	0.88
