res	pred_5	P_max	P_0	P_1	P_2	P_3	P_4
M	4	0.68	0.01	0.02	0.08	0.21	0.68
T	4	0.66	0.01	0.02	0.08	0.22	0.66
H	4	0.59	0.02	0.04	0.11	0.24	0.59
N	4	0.51	0.03	0.05	0.14	0.27	0.51
I	4	0.42	0.05	0.08	0.18	0.28	0.42
H	4	0.43	0.04	0.07	0.17	0.29	0.43
D	4	0.41	0.03	0.07	0.19	0.30	0.41
N	3	0.29	0.07	0.14	0.25	0.29	0.25
I	2	0.26	0.12	0.20	0.26	0.24	0.18
S	2	0.31	0.06	0.16	0.31	0.30	0.17
Q	3	0.32	0.05	0.15	0.32	0.32	0.17
W	2	0.32	0.11	0.24	0.32	0.22	0.10
M	2	0.33	0.08	0.20	0.33	0.26	0.12
K	3	0.35	0.03	0.09	0.25	0.35	0.28
S	4	0.41	0.02	0.06	0.19	0.32	0.41
N	4	0.48	0.02	0.05	0.15	0.30	0.48
E	4	0.48	0.02	0.05	0.15	0.30	0.48
E	4	0.37	0.02	0.07	0.20	0.34	0.37
T	2	0.32	0.05	0.15	0.32	0.32	0.16
P	2	0.36	0.11	0.28	0.36	0.20	0.06
I	1	0.38	0.35	0.38	0.18	0.07	0.03
V	0	0.59	0.59	0.31	0.07	0.03	0.01
M	0	0.63	0.63	0.28	0.06	0.02	0.01
S	0	0.63	0.63	0.28	0.06	0.02	0.01
S	0	0.63	0.63	0.28	0.06	0.02	0.01
R	0	0.61	0.61	0.29	0.06	0.02	0.01
I	0	0.61	0.61	0.29	0.06	0.02	0.01
R	0	0.57	0.57	0.31	0.08	0.03	0.02
L	0	0.60	0.60	0.29	0.07	0.02	0.01
A	0	0.53	0.53	0.32	0.09	0.04	0.02
R	0	0.40	0.40	0.35	0.15	0.07	0.03
N	1	0.35	0.28	0.35	0.22	0.11	0.05
L	1	0.33	0.24	0.33	0.24	0.13	0.06
E	3	0.30	0.06	0.15	0.29	0.30	0.19
N	3	0.29	0.07	0.15	0.27	0.29	0.21
H	1	0.25	0.18	0.25	0.24	0.19	0.13
V	1	0.25	0.18	0.25	0.24	0.19	0.13
H	1	0.29	0.26	0.29	0.20	0.14	0.10
P	1	0.29	0.24	0.29	0.22	0.15	0.10
L	1	0.25	0.18	0.25	0.24	0.19	0.15
M	2	0.27	0.13	0.22	0.27	0.22	0.15
Y	2	0.25	0.16	0.24	0.25	0.19	0.16
A	2	0.25	0.11	0.19	0.25	0.23	0.22
T	3	0.32	0.04	0.10	0.23	0.32	0.31
E	4	0.40	0.03	0.06	0.19	0.32	0.40
N	4	0.41	0.03	0.06	0.18	0.31	0.41
D	4	0.34	0.04	0.09	0.22	0.31	0.34
G	3	0.29	0.07	0.15	0.27	0.29	0.22
F	2	0.32	0.09	0.20	0.32	0.26	0.13
R	2	0.35	0.09	0.24	0.35	0.23	0.09
V	1	0.34	0.21	0.34	0.27	0.13	0.05
I	1	0.35	0.22	0.35	0.26	0.12	0.04
N	2	0.35	0.11	0.28	0.35	0.20	0.06
E	1	0.32	0.16	0.32	0.32	0.15	0.05
V	1	0.37	0.32	0.37	0.20	0.08	0.03
Q	2	0.33	0.12	0.28	0.33	0.20	0.07
D	2	0.33	0.05	0.16	0.33	0.32	0.14
A	2	0.33	0.11	0.25	0.33	0.23	0.09
L	2	0.30	0.14	0.26	0.30	0.21	0.10
P	3	0.32	0.05	0.14	0.31	0.32	0.18
N	3	0.33	0.04	0.12	0.28	0.33	0.23
F	2	0.31	0.10	0.22	0.31	0.24	0.12
E	2	0.32	0.09	0.20	0.32	0.26	0.13
L	2	0.31	0.13	0.27	0.31	0.20	0.09
M	2	0.33	0.12	0.27	0.33	0.20	0.08
R	2	0.33	0.11	0.25	0.33	0.22	0.09
L	2	0.32	0.13	0.27	0.32	0.20	0.08
D	3	0.33	0.05	0.13	0.28	0.33	0.21
Q	3	0.32	0.04	0.11	0.25	0.32	0.27
M	3	0.28	0.08	0.16	0.25	0.28	0.23
D	3	0.33	0.05	0.11	0.24	0.33	0.28
Q	3	0.33	0.04	0.11	0.25	0.33	0.27
Q	3	0.28	0.08	0.18	0.28	0.28	0.18
S	2	0.26	0.13	0.23	0.26	0.23	0.15
K	1	0.28	0.18	0.28	0.26	0.18	0.10
M	2	0.29	0.16	0.29	0.29	0.18	0.08
K	1	0.32	0.18	0.32	0.29	0.15	0.05
M	1	0.37	0.33	0.37	0.19	0.08	0.03
V	0	0.38	0.38	0.37	0.16	0.07	0.03
A	1	0.36	0.28	0.36	0.22	0.10	0.04
K	1	0.34	0.21	0.34	0.26	0.14	0.05
H	1	0.36	0.32	0.36	0.19	0.09	0.03
L	1	0.36	0.30	0.36	0.21	0.09	0.04
I	1	0.34	0.22	0.34	0.26	0.13	0.05
S	2	0.32	0.12	0.26	0.32	0.21	0.08
P	2	0.32	0.06	0.17	0.32	0.30	0.15
E	3	0.34	0.04	0.11	0.27	0.34	0.24
L	3	0.29	0.06	0.15	0.27	0.29	0.23
I	3	0.31	0.05	0.13	0.27	0.31	0.24
K	4	0.37	0.02	0.07	0.20	0.33	0.37
Q	4	0.38	0.02	0.06	0.20	0.33	0.38
P	3	0.35	0.03	0.09	0.25	0.35	0.28
A	2	0.32	0.06	0.17	0.32	0.30	0.15
A	2	0.33	0.14	0.30	0.33	0.17	0.05
A	1	0.37	0.36	0.37	0.17	0.07	0.03
V	0	0.57	0.57	0.31	0.07	0.03	0.01
L	0	0.59	0.59	0.31	0.07	0.03	0.01
V	0	0.46	0.46	0.35	0.12	0.05	0.02
N	2	0.31	0.16	0.31	0.31	0.17	0.06
D	3	0.33	0.04	0.13	0.30	0.33	0.19
D	3	0.35	0.03	0.08	0.24	0.35	0.30
E	3	0.35	0.03	0.09	0.26	0.35	0.27
S	2	0.33	0.08	0.20	0.33	0.27	0.12
L	1	0.37	0.29	0.37	0.22	0.09	0.03
S	0	0.51	0.51	0.34	0.10	0.04	0.02
V	0	0.64	0.64	0.28	0.05	0.02	0.01
M	0	0.64	0.64	0.28	0.05	0.02	0.01
I	0	0.63	0.63	0.28	0.06	0.02	0.01
N	0	0.53	0.53	0.32	0.09	0.04	0.02
E	1	0.30	0.29	0.30	0.20	0.13	0.08
E	1	0.28	0.23	0.28	0.23	0.17	0.10
D	0	0.40	0.40	0.32	0.15	0.08	0.05
H	0	0.58	0.58	0.30	0.07	0.03	0.02
I	0	0.63	0.63	0.28	0.06	0.02	0.01
R	0	0.63	0.63	0.28	0.06	0.02	0.01
I	0	0.65	0.65	0.27	0.05	0.02	0.01
Q	0	0.61	0.61	0.29	0.06	0.02	0.01
A	0	0.55	0.55	0.32	0.08	0.03	0.02
M	1	0.32	0.25	0.32	0.22	0.13	0.08
G	2	0.25	0.14	0.24	0.25	0.20	0.17
T	3	0.27	0.08	0.16	0.26	0.27	0.23
D	3	0.33	0.05	0.12	0.27	0.33	0.24
T	2	0.28	0.09	0.19	0.28	0.27	0.16
T	2	0.30	0.12	0.24	0.30	0.23	0.11
L	1	0.34	0.24	0.34	0.25	0.12	0.05
Q	2	0.34	0.12	0.29	0.34	0.19	0.06
A	2	0.34	0.13	0.30	0.34	0.17	0.05
L	1	0.37	0.30	0.37	0.21	0.09	0.03
Y	1	0.35	0.24	0.35	0.25	0.12	0.04
N	2	0.33	0.11	0.25	0.33	0.23	0.09
Q	2	0.30	0.14	0.27	0.30	0.21	0.09
A	1	0.31	0.24	0.31	0.22	0.14	0.08
S	2	0.29	0.12	0.23	0.29	0.24	0.13
S	2	0.31	0.09	0.21	0.31	0.26	0.13
I	1	0.28	0.18	0.28	0.26	0.18	0.10
D	2	0.24	0.15	0.23	0.24	0.22	0.15
D	3	0.31	0.06	0.15	0.29	0.31	0.19
E	3	0.30	0.07	0.17	0.28	0.30	0.18
L	2	0.28	0.13	0.24	0.28	0.23	0.13
D	3	0.31	0.06	0.15	0.30	0.31	0.18
R	3	0.34	0.04	0.12	0.28	0.34	0.22
S	3	0.31	0.06	0.15	0.30	0.31	0.18
L	2	0.31	0.14	0.28	0.31	0.19	0.08
D	2	0.33	0.10	0.24	0.33	0.23	0.10
I	1	0.30	0.18	0.30	0.28	0.17	0.07
S	1	0.31	0.19	0.31	0.27	0.16	0.08
Y	1	0.30	0.17	0.30	0.28	0.17	0.08
D	2	0.32	0.07	0.17	0.32	0.29	0.15
E	3	0.35	0.04	0.11	0.28	0.35	0.23
Q	3	0.33	0.05	0.13	0.30	0.33	0.19
L	1	0.31	0.17	0.31	0.29	0.16	0.06
G	1	0.36	0.34	0.36	0.18	0.08	0.03
Y	0	0.55	0.55	0.32	0.08	0.03	0.02
L	0	0.61	0.61	0.29	0.06	0.02	0.01
T	0	0.58	0.58	0.30	0.07	0.03	0.02
T	0	0.47	0.47	0.31	0.12	0.06	0.04
C	0	0.39	0.39	0.30	0.15	0.09	0.06
P	0	0.39	0.39	0.29	0.15	0.10	0.07
T	0	0.38	0.38	0.29	0.15	0.10	0.08
N	0	0.39	0.39	0.27	0.14	0.10	0.09
I	0	0.43	0.43	0.28	0.13	0.08	0.07
G	0	0.44	0.44	0.29	0.13	0.08	0.07
T	0	0.49	0.49	0.29	0.11	0.06	0.05
G	0	0.55	0.55	0.29	0.09	0.04	0.03
M	0	0.55	0.55	0.29	0.09	0.04	0.03
R	0	0.58	0.58	0.29	0.08	0.03	0.02
A	0	0.61	0.61	0.29	0.06	0.03	0.01
S	0	0.62	0.62	0.28	0.06	0.02	0.01
V	0	0.65	0.65	0.27	0.05	0.02	0.01
M	0	0.65	0.65	0.27	0.05	0.02	0.01
L	0	0.66	0.66	0.27	0.05	0.02	0.01
H	0	0.66	0.66	0.27	0.05	0.02	0.01
L	0	0.66	0.66	0.27	0.05	0.02	0.01
P	0	0.63	0.63	0.28	0.06	0.02	0.01
G	0	0.59	0.59	0.29	0.07	0.03	0.02
L	0	0.46	0.46	0.33	0.12	0.06	0.04
S	0	0.35	0.35	0.33	0.16	0.09	0.07
I	1	0.29	0.25	0.29	0.20	0.14	0.12
M	1	0.26	0.19	0.26	0.24	0.18	0.13
K	2	0.30	0.08	0.18	0.30	0.28	0.16
R	2	0.29	0.12	0.23	0.29	0.23	0.13
M	1	0.32	0.23	0.32	0.24	0.14	0.07
T	2	0.34	0.11	0.25	0.34	0.22	0.08
R	2	0.35	0.10	0.26	0.35	0.21	0.07
I	1	0.36	0.27	0.36	0.23	0.10	0.04
A	1	0.34	0.20	0.34	0.28	0.13	0.04
Q	2	0.35	0.08	0.22	0.35	0.25	0.09
T	2	0.33	0.12	0.26	0.33	0.21	0.08
I	1	0.30	0.18	0.30	0.28	0.17	0.08
N	2	0.31	0.07	0.18	0.31	0.28	0.15
R	3	0.32	0.05	0.14	0.30	0.32	0.19
F	2	0.31	0.11	0.23	0.31	0.24	0.11
G	1	0.30	0.18	0.30	0.28	0.17	0.07
Y	0	0.37	0.37	0.35	0.17	0.07	0.03
T	0	0.45	0.45	0.35	0.13	0.05	0.02
I	0	0.56	0.56	0.31	0.08	0.03	0.02
R	0	0.48	0.48	0.34	0.11	0.04	0.02
G	0	0.43	0.43	0.35	0.14	0.06	0.03
I	1	0.34	0.34	0.34	0.18	0.09	0.05
Y	1	0.30	0.24	0.30	0.22	0.14	0.10
G	2	0.26	0.13	0.21	0.26	0.23	0.18
E	4	0.30	0.06	0.12	0.23	0.29	0.30
G	4	0.33	0.06	0.12	0.22	0.28	0.33
S	3	0.26	0.09	0.16	0.24	0.26	0.25
Q	2	0.25	0.11	0.19	0.25	0.25	0.20
V	1	0.26	0.21	0.26	0.22	0.17	0.14
Y	1	0.30	0.28	0.30	0.21	0.13	0.09
G	0	0.37	0.37	0.34	0.17	0.08	0.04
H	0	0.49	0.49	0.33	0.11	0.04	0.02
T	0	0.63	0.63	0.28	0.06	0.02	0.01
Y	0	0.64	0.64	0.27	0.05	0.02	0.01
Q	0	0.64	0.64	0.28	0.05	0.02	0.01
V	0	0.63	0.63	0.28	0.06	0.02	0.01
S	0	0.57	0.57	0.31	0.08	0.03	0.02
N	0	0.45	0.45	0.32	0.12	0.06	0.04
Q	1	0.27	0.25	0.27	0.20	0.15	0.12
L	1	0.24	0.21	0.24	0.20	0.17	0.17
T	1	0.23	0.18	0.23	0.20	0.19	0.20
L	4	0.22	0.17	0.22	0.20	0.19	0.22
G	3	0.25	0.10	0.17	0.24	0.25	0.24
K	3	0.27	0.09	0.17	0.26	0.27	0.21
S	2	0.27	0.11	0.20	0.27	0.25	0.18
E	1	0.27	0.18	0.27	0.25	0.18	0.11
L	2	0.30	0.13	0.25	0.30	0.22	0.11
E	2	0.33	0.10	0.24	0.33	0.24	0.10
I	1	0.33	0.22	0.33	0.25	0.14	0.06
I	1	0.33	0.20	0.33	0.28	0.14	0.05
E	2	0.35	0.08	0.21	0.35	0.26	0.10
T	2	0.34	0.11	0.26	0.34	0.22	0.08
L	1	0.34	0.23	0.34	0.25	0.13	0.05
T	2	0.34	0.11	0.27	0.34	0.21	0.07
E	2	0.37	0.08	0.23	0.37	0.24	0.08
V	1	0.37	0.26	0.37	0.24	0.10	0.03
V	1	0.36	0.30	0.36	0.20	0.10	0.04
N	2	0.32	0.15	0.30	0.32	0.17	0.06
Q	1	0.31	0.16	0.31	0.30	0.17	0.06
I	0	0.38	0.38	0.35	0.16	0.07	0.03
I	1	0.34	0.31	0.34	0.19	0.10	0.05
H	2	0.29	0.14	0.27	0.29	0.20	0.09
D	1	0.27	0.16	0.27	0.27	0.20	0.11
E	1	0.30	0.27	0.30	0.20	0.14	0.10
K	1	0.27	0.18	0.27	0.25	0.19	0.11
Q	2	0.29	0.12	0.23	0.29	0.24	0.12
I	1	0.32	0.26	0.32	0.21	0.13	0.07
R	1	0.30	0.22	0.30	0.23	0.16	0.09
Q	2	0.32	0.09	0.21	0.32	0.26	0.12
K	2	0.30	0.11	0.23	0.30	0.24	0.12
L	1	0.27	0.18	0.27	0.24	0.19	0.12
D	2	0.28	0.10	0.19	0.28	0.26	0.17
T	3	0.32	0.05	0.12	0.25	0.32	0.26
Y	3	0.29	0.07	0.14	0.24	0.29	0.27
N	3	0.30	0.06	0.12	0.23	0.30	0.29
Q	3	0.32	0.05	0.11	0.24	0.32	0.28
L	2	0.30	0.08	0.18	0.30	0.27	0.16
E	2	0.30	0.10	0.22	0.30	0.24	0.13
T	1	0.33	0.29	0.33	0.20	0.11	0.06
Q	1	0.35	0.32	0.35	0.19	0.09	0.04
D	0	0.39	0.39	0.35	0.16	0.07	0.03
R	0	0.43	0.43	0.35	0.14	0.06	0.03
V	0	0.57	0.57	0.31	0.08	0.03	0.02
F	0	0.56	0.56	0.31	0.08	0.03	0.02
R	0	0.56	0.56	0.30	0.08	0.04	0.02
S	0	0.60	0.60	0.29	0.07	0.03	0.02
L	0	0.59	0.59	0.29	0.07	0.03	0.02
G	0	0.60	0.60	0.29	0.07	0.03	0.01
I	0	0.63	0.63	0.28	0.06	0.02	0.01
L	0	0.59	0.59	0.30	0.07	0.03	0.02
Q	0	0.54	0.54	0.32	0.09	0.04	0.02
N	0	0.53	0.53	0.32	0.09	0.04	0.02
C	0	0.42	0.42	0.34	0.14	0.06	0.03
R	1	0.34	0.32	0.34	0.19	0.10	0.05
M	1	0.35	0.29	0.35	0.21	0.10	0.05
I	0	0.38	0.38	0.36	0.16	0.07	0.03
T	1	0.35	0.33	0.35	0.18	0.09	0.04
M	1	0.35	0.35	0.35	0.18	0.08	0.04
E	1	0.29	0.18	0.29	0.28	0.18	0.08
E	0	0.35	0.35	0.34	0.18	0.09	0.04
A	0	0.52	0.52	0.32	0.10	0.04	0.02
S	0	0.43	0.43	0.34	0.13	0.06	0.03
Y	0	0.38	0.38	0.34	0.16	0.08	0.04
R	0	0.48	0.48	0.34	0.11	0.05	0.02
L	0	0.57	0.57	0.31	0.08	0.03	0.02
S	0	0.49	0.49	0.34	0.11	0.05	0.02
E	0	0.48	0.48	0.34	0.11	0.05	0.02
V	0	0.59	0.59	0.30	0.07	0.03	0.01
K	0	0.58	0.58	0.31	0.07	0.03	0.01
L	0	0.59	0.59	0.30	0.07	0.03	0.02
G	0	0.53	0.53	0.32	0.09	0.04	0.02
I	0	0.46	0.46	0.32	0.12	0.06	0.04
D	0	0.34	0.34	0.33	0.18	0.10	0.06
L	1	0.33	0.31	0.33	0.19	0.11	0.06
N	1	0.30	0.22	0.30	0.24	0.15	0.09
Y	1	0.33	0.27	0.33	0.22	0.12	0.07
I	1	0.29	0.21	0.29	0.25	0.16	0.09
E	2	0.30	0.08	0.18	0.30	0.27	0.17
L	2	0.28	0.09	0.18	0.28	0.27	0.19
Q	3	0.31	0.05	0.11	0.23	0.31	0.30
N	3	0.27	0.09	0.15	0.24	0.27	0.25
F	2	0.27	0.12	0.20	0.27	0.24	0.16
K	2	0.30	0.12	0.23	0.30	0.23	0.12
F	0	0.35	0.35	0.33	0.18	0.09	0.05
N	1	0.35	0.30	0.35	0.21	0.10	0.04
E	1	0.35	0.27	0.35	0.23	0.11	0.04
L	0	0.48	0.48	0.35	0.11	0.04	0.02
M	0	0.53	0.53	0.33	0.09	0.03	0.02
V	0	0.47	0.47	0.34	0.12	0.05	0.02
A	0	0.36	0.36	0.34	0.17	0.08	0.04
I	0	0.39	0.39	0.33	0.16	0.08	0.05
Q	1	0.29	0.24	0.29	0.23	0.15	0.09
S	2	0.28	0.12	0.21	0.28	0.24	0.16
P	2	0.29	0.08	0.18	0.29	0.27	0.17
F	2	0.29	0.12	0.23	0.29	0.23	0.14
L	2	0.30	0.12	0.23	0.30	0.23	0.13
L	3	0.33	0.04	0.11	0.27	0.33	0.25
D	4	0.44	0.02	0.05	0.17	0.31	0.44
E	4	0.52	0.02	0.04	0.14	0.28	0.52
E	4	0.59	0.01	0.03	0.11	0.26	0.59
D	4	0.64	0.01	0.03	0.09	0.23	0.64
D	4	0.64	0.01	0.03	0.09	0.23	0.64
K	4	0.60	0.01	0.03	0.11	0.25	0.60
S	4	0.46	0.02	0.05	0.16	0.31	0.46
V	3	0.33	0.04	0.10	0.25	0.33	0.28
K	3	0.33	0.04	0.12	0.28	0.33	0.23
E	3	0.32	0.05	0.14	0.31	0.32	0.18
K	2	0.34	0.08	0.21	0.34	0.26	0.11
R	2	0.29	0.15	0.28	0.29	0.19	0.08
A	2	0.29	0.16	0.28	0.29	0.19	0.08
D	2	0.33	0.07	0.19	0.33	0.28	0.12
I	2	0.34	0.12	0.27	0.34	0.21	0.07
L	2	0.32	0.14	0.29	0.32	0.18	0.06
R	3	0.34	0.04	0.13	0.31	0.34	0.18
E	3	0.35	0.03	0.08	0.24	0.35	0.30
H	3	0.34	0.03	0.08	0.22	0.34	0.33
I	4	0.47	0.02	0.05	0.16	0.30	0.47
K	4	0.70	0.01	0.02	0.07	0.20	0.70
