res	pred_3	P_max	P_0	P_1	P_2
M	2	0.68	0.09	0.23	0.68
G	2	0.63	0.11	0.26	0.63
C	2	0.52	0.17	0.31	0.52
T	2	0.48	0.19	0.33	0.48
L	2	0.53	0.15	0.33	0.53
S	2	0.61	0.10	0.29	0.61
A	2	0.69	0.06	0.25	0.69
E	2	0.77	0.04	0.19	0.77
D	2	0.76	0.04	0.20	0.76
K	2	0.73	0.05	0.22	0.73
A	2	0.63	0.08	0.29	0.63
A	2	0.49	0.15	0.36	0.49
V	2	0.50	0.14	0.36	0.50
E	2	0.55	0.11	0.34	0.55
R	2	0.48	0.16	0.37	0.48
S	2	0.47	0.17	0.37	0.47
K	2	0.56	0.11	0.33	0.56
M	2	0.50	0.13	0.37	0.50
I	1	0.39	0.25	0.39	0.36
D	2	0.45	0.17	0.39	0.45
R	2	0.58	0.09	0.33	0.58
N	2	0.57	0.10	0.33	0.57
L	2	0.52	0.15	0.34	0.52
R	2	0.71	0.06	0.24	0.71
E	2	0.80	0.03	0.17	0.80
D	2	0.80	0.03	0.17	0.80
G	2	0.78	0.04	0.18	0.78
E	2	0.80	0.03	0.17	0.80
K	2	0.77	0.04	0.19	0.77
A	2	0.66	0.07	0.26	0.66
A	2	0.58	0.10	0.32	0.58
R	2	0.56	0.11	0.34	0.56
E	1	0.43	0.18	0.43	0.39
V	0	0.48	0.48	0.41	0.10
K	0	0.60	0.60	0.35	0.06
L	0	0.77	0.77	0.21	0.02
L	0	0.80	0.80	0.18	0.02
L	0	0.80	0.80	0.18	0.02
L	0	0.75	0.75	0.22	0.03
G	0	0.59	0.59	0.33	0.09
A	0	0.39	0.39	0.38	0.23
G	1	0.38	0.24	0.38	0.37
E	2	0.44	0.19	0.37	0.44
S	2	0.40	0.24	0.35	0.40
G	2	0.36	0.29	0.34	0.36
K	0	0.37	0.37	0.35	0.27
S	0	0.48	0.48	0.35	0.17
T	0	0.59	0.59	0.31	0.10
I	0	0.71	0.71	0.24	0.05
V	0	0.71	0.71	0.25	0.04
K	0	0.67	0.67	0.28	0.05
Q	0	0.73	0.73	0.24	0.03
M	0	0.74	0.74	0.23	0.03
K	0	0.68	0.68	0.28	0.04
I	0	0.70	0.70	0.27	0.04
I	0	0.64	0.64	0.30	0.06
H	1	0.41	0.39	0.41	0.20
E	2	0.54	0.12	0.34	0.54
A	2	0.60	0.09	0.31	0.60
G	2	0.59	0.10	0.32	0.59
Y	2	0.46	0.18	0.36	0.46
S	2	0.53	0.12	0.35	0.53
E	2	0.65	0.07	0.28	0.65
E	2	0.66	0.07	0.27	0.66
E	2	0.46	0.15	0.39	0.46
C	1	0.42	0.20	0.42	0.38
K	2	0.50	0.12	0.38	0.50
Q	1	0.43	0.17	0.43	0.40
Y	1	0.43	0.42	0.43	0.15
K	1	0.45	0.40	0.45	0.16
A	0	0.45	0.45	0.43	0.11
V	0	0.63	0.63	0.32	0.05
V	0	0.76	0.76	0.21	0.03
Y	0	0.72	0.72	0.24	0.03
S	0	0.64	0.64	0.30	0.06
N	0	0.72	0.72	0.24	0.04
T	0	0.78	0.78	0.19	0.03
I	0	0.77	0.77	0.20	0.03
Q	0	0.72	0.72	0.24	0.04
S	0	0.79	0.79	0.19	0.02
I	0	0.82	0.82	0.17	0.02
I	0	0.75	0.75	0.22	0.03
A	0	0.72	0.72	0.25	0.03
I	0	0.77	0.77	0.20	0.02
I	0	0.68	0.68	0.28	0.04
R	1	0.46	0.42	0.46	0.12
A	1	0.44	0.42	0.44	0.13
M	1	0.46	0.35	0.46	0.19
G	1	0.43	0.17	0.43	0.40
R	2	0.47	0.13	0.40	0.47
L	1	0.44	0.17	0.44	0.39
K	2	0.54	0.10	0.36	0.54
I	2	0.46	0.14	0.40	0.46
D	2	0.58	0.09	0.33	0.58
F	2	0.50	0.14	0.36	0.50
G	2	0.67	0.07	0.26	0.67
D	2	0.71	0.06	0.23	0.71
S	2	0.68	0.07	0.25	0.68
A	2	0.59	0.10	0.30	0.59
R	2	0.49	0.16	0.35	0.49
A	1	0.40	0.21	0.40	0.38
D	2	0.43	0.17	0.40	0.43
D	1	0.43	0.31	0.43	0.26
A	0	0.47	0.47	0.38	0.15
R	0	0.42	0.42	0.41	0.17
Q	0	0.47	0.47	0.40	0.13
L	0	0.59	0.59	0.33	0.08
F	0	0.57	0.57	0.34	0.09
V	0	0.46	0.46	0.40	0.15
L	1	0.41	0.39	0.41	0.20
A	1	0.41	0.24	0.41	0.35
G	2	0.43	0.19	0.38	0.43
A	2	0.49	0.16	0.35	0.49
A	2	0.56	0.12	0.32	0.56
E	2	0.68	0.07	0.25	0.68
E	2	0.70	0.06	0.24	0.70
G	2	0.60	0.10	0.31	0.60
F	2	0.47	0.16	0.37	0.47
M	1	0.40	0.21	0.40	0.38
T	1	0.41	0.21	0.41	0.38
A	1	0.43	0.17	0.43	0.40
E	1	0.46	0.19	0.46	0.35
L	0	0.48	0.48	0.40	0.12
A	0	0.52	0.52	0.39	0.09
G	1	0.52	0.32	0.52	0.16
V	0	0.47	0.47	0.44	0.09
I	0	0.63	0.63	0.32	0.05
K	1	0.47	0.42	0.47	0.11
R	1	0.51	0.36	0.51	0.13
L	0	0.57	0.57	0.37	0.06
W	0	0.53	0.53	0.39	0.08
K	1	0.48	0.25	0.48	0.27
D	1	0.46	0.29	0.46	0.25
S	1	0.47	0.26	0.47	0.27
G	0	0.44	0.44	0.42	0.14
V	0	0.58	0.58	0.34	0.08
Q	0	0.45	0.45	0.42	0.12
A	1	0.45	0.38	0.45	0.16
C	0	0.50	0.50	0.38	0.11
F	0	0.49	0.49	0.38	0.13
N	1	0.43	0.28	0.43	0.30
R	1	0.42	0.29	0.42	0.29
S	1	0.41	0.30	0.41	0.29
R	1	0.41	0.32	0.41	0.27
E	0	0.43	0.43	0.41	0.16
Y	0	0.57	0.57	0.34	0.09
Q	0	0.58	0.58	0.33	0.09
L	0	0.64	0.64	0.29	0.06
N	0	0.56	0.56	0.34	0.10
D	0	0.57	0.57	0.33	0.09
S	0	0.64	0.64	0.29	0.07
A	0	0.69	0.69	0.26	0.05
A	0	0.59	0.59	0.34	0.06
Y	0	0.64	0.64	0.31	0.05
Y	0	0.70	0.70	0.26	0.04
L	0	0.63	0.63	0.32	0.05
N	1	0.49	0.37	0.49	0.14
D	1	0.48	0.38	0.48	0.14
L	0	0.48	0.48	0.42	0.10
D	1	0.50	0.30	0.50	0.20
R	1	0.48	0.33	0.48	0.19
I	0	0.43	0.43	0.41	0.16
A	1	0.42	0.28	0.42	0.30
Q	2	0.51	0.13	0.36	0.51
S	2	0.53	0.12	0.35	0.53
N	2	0.49	0.15	0.36	0.49
Y	1	0.38	0.29	0.38	0.32
I	1	0.41	0.30	0.41	0.29
P	1	0.42	0.32	0.42	0.27
T	1	0.42	0.32	0.42	0.26
Q	1	0.42	0.27	0.42	0.31
Q	1	0.42	0.38	0.42	0.20
D	0	0.57	0.57	0.33	0.09
V	0	0.71	0.71	0.25	0.05
L	0	0.72	0.72	0.24	0.04
R	0	0.70	0.70	0.25	0.05
T	0	0.70	0.70	0.25	0.05
R	0	0.59	0.59	0.31	0.10
V	0	0.50	0.50	0.34	0.16
K	0	0.41	0.41	0.37	0.23
T	0	0.45	0.45	0.35	0.21
T	0	0.40	0.40	0.34	0.26
G	0	0.45	0.45	0.34	0.21
I	0	0.53	0.53	0.31	0.15
V	0	0.55	0.55	0.33	0.12
E	0	0.62	0.62	0.31	0.07
T	0	0.63	0.63	0.31	0.06
H	0	0.54	0.54	0.36	0.09
F	0	0.61	0.61	0.32	0.07
T	1	0.48	0.34	0.48	0.18
F	1	0.47	0.28	0.47	0.25
K	2	0.50	0.11	0.39	0.50
D	2	0.61	0.08	0.31	0.61
L	1	0.42	0.20	0.42	0.38
H	1	0.47	0.29	0.47	0.23
F	0	0.61	0.61	0.33	0.06
K	0	0.66	0.66	0.29	0.04
M	0	0.78	0.78	0.20	0.02
F	0	0.81	0.81	0.18	0.02
D	0	0.73	0.73	0.23	0.04
V	0	0.61	0.61	0.29	0.10
G	0	0.42	0.42	0.36	0.22
G	2	0.36	0.31	0.33	0.36
Q	2	0.35	0.33	0.32	0.35
R	2	0.37	0.29	0.34	0.37
S	2	0.36	0.29	0.35	0.36
E	1	0.37	0.30	0.37	0.33
R	0	0.40	0.40	0.38	0.22
K	1	0.41	0.41	0.41	0.17
K	0	0.47	0.47	0.41	0.12
W	0	0.62	0.62	0.32	0.07
I	0	0.61	0.61	0.32	0.07
H	0	0.52	0.52	0.38	0.10
C	0	0.53	0.53	0.37	0.10
F	0	0.52	0.52	0.37	0.11
E	1	0.46	0.27	0.46	0.27
G	1	0.48	0.29	0.48	0.23
V	0	0.51	0.51	0.40	0.09
T	0	0.66	0.66	0.30	0.04
A	0	0.82	0.82	0.17	0.02
I	0	0.84	0.84	0.15	0.01
I	0	0.84	0.84	0.14	0.01
F	0	0.84	0.84	0.14	0.01
C	0	0.84	0.84	0.15	0.01
V	0	0.81	0.81	0.17	0.02
A	0	0.75	0.75	0.21	0.04
L	0	0.69	0.69	0.25	0.06
S	0	0.60	0.60	0.31	0.08
D	0	0.47	0.47	0.39	0.15
Y	0	0.57	0.57	0.33	0.10
D	0	0.51	0.51	0.37	0.12
L	0	0.51	0.51	0.37	0.12
V	0	0.49	0.49	0.39	0.12
L	0	0.48	0.48	0.39	0.13
A	1	0.44	0.29	0.44	0.27
E	2	0.43	0.18	0.39	0.43
D	2	0.56	0.11	0.33	0.56
E	2	0.68	0.06	0.25	0.68
E	2	0.64	0.08	0.28	0.64
M	2	0.42	0.20	0.38	0.42
N	1	0.39	0.33	0.39	0.29
R	0	0.44	0.44	0.38	0.18
M	0	0.59	0.59	0.33	0.08
H	0	0.53	0.53	0.37	0.09
E	0	0.56	0.56	0.36	0.08
S	0	0.67	0.67	0.28	0.05
M	0	0.55	0.55	0.36	0.08
K	1	0.46	0.40	0.46	0.14
L	0	0.61	0.61	0.33	0.06
F	0	0.63	0.63	0.32	0.06
D	1	0.46	0.40	0.46	0.14
S	1	0.44	0.43	0.44	0.14
I	0	0.59	0.59	0.33	0.07
C	0	0.53	0.53	0.37	0.10
N	0	0.41	0.41	0.41	0.18
N	1	0.42	0.37	0.42	0.20
K	1	0.46	0.28	0.46	0.26
W	1	0.44	0.41	0.44	0.15
F	0	0.47	0.47	0.41	0.12
T	1	0.49	0.24	0.49	0.28
D	1	0.47	0.19	0.47	0.34
T	1	0.46	0.43	0.46	0.11
S	0	0.57	0.57	0.37	0.06
I	0	0.80	0.80	0.18	0.02
I	0	0.83	0.83	0.15	0.01
L	0	0.84	0.84	0.15	0.01
F	0	0.83	0.83	0.15	0.01
L	0	0.80	0.80	0.18	0.02
N	0	0.62	0.62	0.30	0.08
K	0	0.44	0.44	0.37	0.20
K	1	0.41	0.31	0.41	0.28
D	1	0.45	0.26	0.45	0.29
L	1	0.43	0.36	0.43	0.21
F	0	0.43	0.43	0.40	0.17
E	1	0.43	0.19	0.43	0.38
E	2	0.52	0.12	0.36	0.52
K	1	0.40	0.20	0.40	0.40
I	1	0.41	0.30	0.41	0.29
K	2	0.52	0.12	0.36	0.52
K	2	0.51	0.12	0.37	0.51
S	2	0.43	0.17	0.40	0.43
P	2	0.42	0.18	0.41	0.42
L	1	0.42	0.30	0.42	0.28
T	1	0.42	0.22	0.42	0.36
I	1	0.45	0.25	0.45	0.30
C	1	0.46	0.35	0.46	0.19
Y	1	0.44	0.40	0.44	0.16
P	1	0.48	0.25	0.48	0.27
E	1	0.43	0.17	0.43	0.40
Y	1	0.46	0.23	0.46	0.31
T	2	0.53	0.11	0.36	0.53
G	2	0.63	0.08	0.30	0.63
S	2	0.67	0.06	0.26	0.67
N	2	0.60	0.09	0.31	0.60
T	2	0.45	0.16	0.39	0.45
Y	1	0.44	0.26	0.44	0.30
E	1	0.46	0.17	0.46	0.37
E	1	0.50	0.28	0.50	0.21
A	0	0.55	0.55	0.38	0.08
A	0	0.49	0.49	0.42	0.09
A	1	0.52	0.35	0.52	0.13
Y	0	0.53	0.53	0.40	0.07
I	0	0.64	0.64	0.31	0.05
Q	1	0.46	0.43	0.46	0.11
C	1	0.52	0.32	0.52	0.16
Q	0	0.46	0.46	0.44	0.10
F	0	0.54	0.54	0.38	0.08
E	1	0.50	0.27	0.50	0.23
D	1	0.46	0.18	0.46	0.36
L	1	0.46	0.23	0.46	0.31
N	2	0.45	0.16	0.39	0.45
K	2	0.65	0.06	0.28	0.65
R	2	0.75	0.04	0.21	0.75
K	2	0.79	0.03	0.17	0.79
D	2	0.80	0.03	0.17	0.80
T	2	0.72	0.05	0.23	0.72
K	2	0.49	0.11	0.40	0.49
E	1	0.55	0.21	0.55	0.24
I	0	0.59	0.59	0.35	0.06
Y	0	0.77	0.77	0.21	0.02
T	0	0.80	0.80	0.18	0.02
H	0	0.82	0.82	0.17	0.02
F	0	0.81	0.81	0.17	0.02
T	0	0.77	0.77	0.20	0.03
C	0	0.67	0.67	0.26	0.07
A	0	0.59	0.59	0.31	0.10
T	0	0.53	0.53	0.34	0.12
D	0	0.41	0.41	0.39	0.20
T	1	0.41	0.31	0.41	0.28
K	1	0.41	0.20	0.41	0.39
N	1	0.42	0.36	0.42	0.22
V	0	0.50	0.50	0.37	0.13
Q	1	0.47	0.34	0.47	0.19
F	1	0.46	0.40	0.46	0.15
V	0	0.55	0.55	0.36	0.09
F	0	0.54	0.54	0.37	0.10
D	1	0.48	0.34	0.48	0.18
A	0	0.45	0.45	0.43	0.13
V	0	0.57	0.57	0.34	0.08
T	1	0.45	0.40	0.45	0.15
D	1	0.47	0.31	0.47	0.22
V	1	0.46	0.36	0.46	0.17
I	0	0.46	0.46	0.41	0.13
I	1	0.45	0.38	0.45	0.17
K	1	0.47	0.23	0.47	0.29
N	1	0.43	0.18	0.43	0.39
N	1	0.44	0.29	0.44	0.27
L	1	0.42	0.24	0.42	0.34
K	2	0.62	0.08	0.30	0.62
D	2	0.73	0.05	0.22	0.73
C	2	0.67	0.08	0.25	0.67
G	2	0.72	0.06	0.22	0.72
L	2	0.75	0.06	0.19	0.75
F	2	0.85	0.03	0.13	0.85
