res	pred_3	P_max	P_0	P_1	P_2
M	2	0.85	0.03	0.13	0.85
E	2	0.85	0.03	0.13	0.85
S	2	0.80	0.04	0.16	0.80
R	2	0.75	0.06	0.19	0.75
G	2	0.69	0.08	0.23	0.69
P	2	0.64	0.09	0.26	0.64
L	2	0.53	0.16	0.31	0.53
A	2	0.45	0.21	0.34	0.45
T	2	0.49	0.19	0.32	0.49
S	2	0.46	0.21	0.33	0.46
R	2	0.46	0.22	0.33	0.46
L	2	0.38	0.28	0.34	0.38
L	1	0.35	0.32	0.35	0.33
L	0	0.35	0.35	0.35	0.30
L	0	0.39	0.39	0.36	0.25
L	0	0.44	0.44	0.36	0.21
L	0	0.45	0.45	0.36	0.19
L	0	0.41	0.41	0.36	0.22
L	1	0.37	0.36	0.37	0.27
L	1	0.37	0.34	0.37	0.29
L	2	0.36	0.28	0.36	0.36
R	2	0.51	0.17	0.32	0.51
H	2	0.54	0.15	0.30	0.54
T	2	0.51	0.18	0.31	0.51
R	2	0.54	0.16	0.31	0.54
Q	2	0.53	0.15	0.31	0.53
G	2	0.43	0.22	0.35	0.43
W	1	0.38	0.30	0.38	0.32
A	1	0.41	0.33	0.41	0.27
L	1	0.41	0.33	0.41	0.26
R	1	0.43	0.25	0.43	0.32
P	1	0.42	0.19	0.42	0.39
V	1	0.43	0.22	0.43	0.35
L	1	0.42	0.18	0.42	0.40
P	2	0.58	0.10	0.33	0.58
T	2	0.70	0.06	0.24	0.70
Q	2	0.74	0.05	0.21	0.74
S	2	0.75	0.05	0.20	0.75
A	2	0.75	0.05	0.20	0.75
H	2	0.77	0.04	0.19	0.77
D	2	0.73	0.05	0.21	0.73
P	2	0.57	0.10	0.32	0.57
P	2	0.42	0.16	0.41	0.42
A	1	0.44	0.33	0.44	0.23
V	0	0.46	0.46	0.39	0.15
H	0	0.43	0.43	0.40	0.18
L	1	0.40	0.35	0.40	0.25
S	2	0.47	0.18	0.35	0.47
N	2	0.65	0.09	0.26	0.65
G	2	0.67	0.08	0.25	0.67
P	2	0.69	0.07	0.23	0.69
G	2	0.63	0.10	0.27	0.63
Q	2	0.52	0.16	0.32	0.52
E	1	0.38	0.25	0.38	0.37
P	1	0.41	0.37	0.41	0.22
I	0	0.51	0.51	0.37	0.13
A	0	0.57	0.57	0.34	0.10
V	0	0.55	0.55	0.35	0.10
M	0	0.45	0.45	0.40	0.15
T	1	0.43	0.33	0.43	0.24
F	1	0.44	0.30	0.44	0.26
D	2	0.49	0.13	0.38	0.49
L	2	0.51	0.13	0.37	0.51
T	2	0.64	0.07	0.29	0.64
K	2	0.65	0.07	0.28	0.65
I	2	0.51	0.13	0.36	0.51
T	2	0.51	0.13	0.37	0.51
K	2	0.50	0.13	0.37	0.50
T	1	0.45	0.23	0.45	0.32
S	1	0.47	0.28	0.47	0.26
S	0	0.50	0.50	0.39	0.11
S	0	0.53	0.53	0.38	0.09
F	0	0.71	0.71	0.25	0.04
E	0	0.64	0.64	0.31	0.05
V	0	0.71	0.71	0.25	0.03
R	0	0.57	0.57	0.36	0.08
T	0	0.54	0.54	0.37	0.10
W	1	0.43	0.39	0.43	0.18
D	1	0.46	0.23	0.46	0.30
P	1	0.48	0.23	0.48	0.29
E	1	0.49	0.32	0.49	0.19
G	0	0.67	0.67	0.29	0.04
V	0	0.81	0.81	0.17	0.02
I	0	0.83	0.83	0.15	0.01
F	0	0.83	0.83	0.15	0.01
Y	0	0.79	0.79	0.19	0.02
G	0	0.48	0.48	0.42	0.09
D	1	0.47	0.17	0.47	0.36
T	2	0.60	0.08	0.33	0.60
N	2	0.70	0.05	0.25	0.70
P	2	0.73	0.04	0.22	0.73
K	2	0.73	0.04	0.22	0.73
D	2	0.48	0.11	0.41	0.48
D	1	0.55	0.30	0.55	0.16
W	0	0.70	0.70	0.27	0.03
F	0	0.81	0.81	0.17	0.02
M	0	0.81	0.81	0.17	0.02
L	0	0.81	0.81	0.17	0.02
G	0	0.75	0.75	0.23	0.03
L	0	0.69	0.69	0.27	0.04
R	1	0.46	0.38	0.46	0.16
D	1	0.46	0.24	0.46	0.30
G	1	0.45	0.32	0.45	0.23
R	0	0.48	0.48	0.39	0.12
P	0	0.65	0.65	0.30	0.05
E	0	0.71	0.71	0.25	0.03
I	0	0.80	0.80	0.18	0.02
Q	0	0.78	0.78	0.19	0.02
L	0	0.74	0.74	0.23	0.04
H	0	0.51	0.51	0.34	0.15
N	0	0.40	0.40	0.33	0.27
H	2	0.36	0.31	0.33	0.36
W	2	0.35	0.33	0.31	0.35
A	1	0.36	0.32	0.36	0.32
Q	1	0.40	0.31	0.40	0.28
L	0	0.45	0.45	0.40	0.15
T	0	0.46	0.46	0.41	0.13
V	0	0.48	0.48	0.39	0.12
G	1	0.46	0.29	0.46	0.25
A	1	0.45	0.24	0.45	0.30
G	2	0.45	0.15	0.40	0.45
P	2	0.48	0.14	0.38	0.48
R	2	0.46	0.15	0.39	0.46
L	1	0.43	0.26	0.43	0.32
D	2	0.50	0.14	0.36	0.50
D	2	0.45	0.17	0.38	0.45
G	1	0.41	0.21	0.41	0.39
R	1	0.45	0.34	0.45	0.21
W	0	0.56	0.56	0.35	0.08
H	0	0.66	0.66	0.29	0.05
Q	0	0.67	0.67	0.29	0.04
V	0	0.72	0.72	0.25	0.03
E	0	0.58	0.58	0.36	0.06
V	0	0.61	0.61	0.33	0.06
K	1	0.48	0.31	0.48	0.21
M	1	0.42	0.17	0.42	0.41
E	2	0.58	0.10	0.32	0.58
G	2	0.65	0.07	0.28	0.65
D	2	0.61	0.08	0.30	0.61
S	1	0.47	0.20	0.47	0.33
V	0	0.49	0.49	0.41	0.10
L	0	0.54	0.54	0.38	0.07
L	0	0.67	0.67	0.29	0.04
E	0	0.52	0.52	0.40	0.08
V	0	0.50	0.50	0.40	0.10
D	1	0.45	0.22	0.45	0.33
G	2	0.54	0.12	0.34	0.54
E	2	0.58	0.10	0.31	0.58
E	2	0.55	0.13	0.32	0.55
V	2	0.43	0.20	0.36	0.43
L	1	0.38	0.26	0.38	0.36
R	2	0.40	0.21	0.39	0.40
L	1	0.40	0.25	0.40	0.35
R	2	0.48	0.16	0.36	0.48
Q	2	0.55	0.13	0.32	0.55
V	2	0.54	0.14	0.33	0.54
S	2	0.70	0.06	0.23	0.70
G	2	0.69	0.07	0.24	0.69
P	2	0.67	0.07	0.26	0.67
L	2	0.54	0.14	0.33	0.54
T	2	0.50	0.16	0.35	0.50
S	2	0.52	0.15	0.33	0.52
K	2	0.51	0.16	0.33	0.51
R	2	0.39	0.23	0.38	0.39
H	2	0.39	0.23	0.38	0.39
P	1	0.39	0.24	0.39	0.37
I	1	0.38	0.26	0.38	0.36
M	1	0.41	0.34	0.41	0.25
R	0	0.48	0.48	0.38	0.14
I	0	0.75	0.75	0.22	0.03
A	0	0.81	0.81	0.17	0.02
L	0	0.83	0.83	0.16	0.02
G	0	0.82	0.82	0.16	0.02
G	0	0.81	0.81	0.17	0.02
L	0	0.74	0.74	0.22	0.04
L	0	0.53	0.53	0.33	0.14
F	0	0.36	0.36	0.36	0.27
P	2	0.45	0.19	0.36	0.45
A	2	0.55	0.14	0.31	0.55
S	2	0.65	0.09	0.26	0.65
N	2	0.63	0.10	0.27	0.63
L	2	0.48	0.18	0.35	0.48
R	2	0.47	0.17	0.37	0.47
L	1	0.43	0.23	0.43	0.34
P	1	0.43	0.20	0.43	0.37
L	1	0.45	0.26	0.45	0.30
V	1	0.46	0.24	0.46	0.30
P	1	0.45	0.20	0.45	0.35
A	1	0.45	0.26	0.45	0.28
L	0	0.53	0.53	0.38	0.10
D	0	0.48	0.48	0.41	0.11
G	0	0.65	0.65	0.29	0.05
C	0	0.71	0.71	0.25	0.04
L	0	0.72	0.72	0.24	0.03
R	0	0.53	0.53	0.38	0.09
R	1	0.45	0.34	0.45	0.21
D	1	0.45	0.24	0.45	0.31
S	1	0.46	0.24	0.46	0.30
W	1	0.44	0.32	0.44	0.24
L	2	0.45	0.15	0.41	0.45
D	2	0.65	0.07	0.28	0.65
K	2	0.64	0.07	0.28	0.64
Q	2	0.64	0.08	0.28	0.64
A	2	0.50	0.13	0.36	0.50
E	2	0.58	0.10	0.32	0.58
I	2	0.47	0.16	0.38	0.47
S	2	0.53	0.13	0.34	0.53
A	2	0.55	0.12	0.33	0.55
S	2	0.67	0.08	0.26	0.67
A	2	0.62	0.10	0.28	0.62
P	2	0.63	0.09	0.28	0.63
T	2	0.57	0.12	0.31	0.57
S	2	0.50	0.16	0.34	0.50
L	1	0.39	0.24	0.39	0.38
R	2	0.40	0.21	0.39	0.40
S	1	0.40	0.24	0.40	0.36
C	1	0.41	0.33	0.41	0.27
D	1	0.40	0.20	0.40	0.40
V	2	0.44	0.18	0.39	0.44
E	2	0.57	0.11	0.32	0.57
S	2	0.49	0.15	0.35	0.49
N	1	0.42	0.25	0.42	0.34
P	1	0.44	0.31	0.44	0.25
G	0	0.45	0.45	0.41	0.14
I	0	0.58	0.58	0.34	0.08
F	0	0.63	0.63	0.31	0.06
L	0	0.54	0.54	0.37	0.09
P	1	0.47	0.28	0.47	0.25
P	2	0.42	0.17	0.41	0.42
G	1	0.43	0.22	0.43	0.34
T	0	0.45	0.45	0.41	0.14
Q	0	0.63	0.63	0.31	0.06
A	0	0.71	0.71	0.25	0.04
E	0	0.65	0.65	0.30	0.05
F	0	0.70	0.70	0.26	0.04
N	0	0.48	0.48	0.41	0.11
L	1	0.45	0.30	0.45	0.25
R	2	0.52	0.12	0.36	0.52
D	2	0.61	0.09	0.30	0.61
I	2	0.58	0.10	0.32	0.58
P	2	0.68	0.07	0.26	0.68
Q	2	0.70	0.06	0.25	0.70
P	2	0.64	0.08	0.28	0.64
H	2	0.53	0.13	0.35	0.53
A	2	0.58	0.10	0.32	0.58
E	2	0.58	0.10	0.32	0.58
P	2	0.50	0.14	0.37	0.50
W	1	0.45	0.25	0.45	0.31
A	1	0.44	0.30	0.44	0.26
F	1	0.43	0.41	0.43	0.16
S	0	0.43	0.43	0.43	0.14
L	0	0.58	0.58	0.35	0.07
D	0	0.51	0.51	0.40	0.09
L	0	0.64	0.64	0.31	0.05
G	0	0.53	0.53	0.39	0.08
L	0	0.56	0.56	0.36	0.08
K	1	0.45	0.35	0.45	0.20
Q	1	0.44	0.25	0.44	0.31
A	2	0.41	0.18	0.41	0.41
A	2	0.49	0.13	0.38	0.49
G	2	0.46	0.15	0.39	0.46
S	1	0.46	0.29	0.46	0.25
G	0	0.59	0.59	0.34	0.07
H	0	0.77	0.77	0.20	0.02
L	0	0.82	0.82	0.16	0.02
L	0	0.83	0.83	0.16	0.01
A	0	0.80	0.80	0.18	0.02
L	0	0.67	0.67	0.29	0.04
G	1	0.47	0.35	0.47	0.18
T	1	0.43	0.15	0.43	0.42
P	2	0.65	0.06	0.28	0.65
E	2	0.80	0.03	0.17	0.80
N	2	0.77	0.04	0.20	0.77
P	2	0.56	0.09	0.35	0.56
S	1	0.54	0.22	0.54	0.25
W	0	0.59	0.59	0.35	0.05
L	0	0.79	0.79	0.19	0.02
S	0	0.80	0.80	0.18	0.02
L	0	0.81	0.81	0.17	0.02
H	0	0.76	0.76	0.22	0.02
L	0	0.66	0.66	0.30	0.05
Q	1	0.48	0.29	0.48	0.23
D	2	0.42	0.15	0.42	0.42
Q	1	0.44	0.16	0.44	0.40
K	1	0.50	0.28	0.50	0.21
V	0	0.57	0.57	0.36	0.07
V	0	0.62	0.62	0.33	0.05
L	0	0.71	0.71	0.25	0.03
S	0	0.57	0.57	0.35	0.07
S	0	0.45	0.45	0.41	0.14
G	2	0.42	0.19	0.39	0.42
S	2	0.60	0.11	0.29	0.60
G	2	0.67	0.08	0.26	0.67
P	2	0.69	0.07	0.24	0.69
G	2	0.62	0.10	0.28	0.62
L	2	0.48	0.16	0.36	0.48
D	2	0.44	0.18	0.39	0.44
L	1	0.45	0.31	0.45	0.24
P	1	0.44	0.33	0.44	0.23
L	0	0.45	0.45	0.39	0.16
V	1	0.41	0.34	0.41	0.25
L	1	0.40	0.27	0.40	0.34
G	1	0.38	0.30	0.38	0.32
L	0	0.40	0.40	0.38	0.22
P	0	0.52	0.52	0.37	0.12
L	0	0.59	0.59	0.34	0.07
Q	0	0.60	0.60	0.34	0.06
L	0	0.68	0.68	0.28	0.04
K	0	0.52	0.52	0.39	0.09
L	0	0.49	0.49	0.38	0.12
S	1	0.42	0.27	0.42	0.31
M	2	0.42	0.20	0.38	0.42
S	1	0.40	0.21	0.40	0.39
R	1	0.44	0.34	0.44	0.23
V	0	0.58	0.58	0.34	0.07
V	0	0.55	0.55	0.37	0.07
L	0	0.60	0.60	0.33	0.06
S	1	0.46	0.40	0.46	0.14
Q	1	0.46	0.27	0.46	0.27
G	2	0.60	0.09	0.31	0.60
S	2	0.74	0.05	0.21	0.74
K	2	0.76	0.05	0.19	0.76
M	2	0.72	0.06	0.22	0.72
K	2	0.73	0.06	0.22	0.73
A	2	0.59	0.10	0.30	0.59
L	2	0.57	0.11	0.32	0.57
A	2	0.50	0.14	0.36	0.50
L	2	0.48	0.15	0.37	0.48
P	2	0.62	0.09	0.29	0.62
P	2	0.67	0.07	0.26	0.67
L	2	0.67	0.07	0.26	0.67
G	2	0.68	0.07	0.25	0.68
L	2	0.62	0.10	0.28	0.62
A	2	0.63	0.09	0.28	0.63
P	2	0.60	0.10	0.30	0.60
L	2	0.47	0.17	0.36	0.47
L	2	0.42	0.20	0.38	0.42
N	1	0.41	0.21	0.41	0.38
L	1	0.44	0.32	0.44	0.24
W	1	0.42	0.37	0.42	0.21
A	1	0.44	0.35	0.44	0.21
K	1	0.43	0.16	0.43	0.42
P	2	0.52	0.11	0.37	0.52
Q	2	0.62	0.07	0.30	0.62
G	1	0.46	0.17	0.46	0.37
R	1	0.49	0.35	0.49	0.16
L	0	0.73	0.73	0.24	0.03
F	0	0.82	0.82	0.17	0.02
L	0	0.83	0.83	0.15	0.01
G	0	0.82	0.82	0.16	0.02
A	0	0.78	0.78	0.20	0.02
L	0	0.59	0.59	0.33	0.08
P	1	0.46	0.26	0.46	0.28
G	2	0.57	0.10	0.33	0.57
E	2	0.72	0.05	0.23	0.72
D	2	0.71	0.06	0.23	0.71
S	2	0.60	0.10	0.30	0.60
S	2	0.49	0.15	0.36	0.49
T	1	0.42	0.38	0.42	0.21
S	0	0.47	0.47	0.42	0.11
F	0	0.68	0.68	0.27	0.04
C	0	0.74	0.74	0.23	0.03
L	0	0.75	0.75	0.22	0.03
N	0	0.61	0.61	0.33	0.06
G	0	0.54	0.54	0.37	0.08
L	0	0.60	0.60	0.33	0.07
W	0	0.50	0.50	0.39	0.11
A	0	0.44	0.44	0.40	0.16
Q	1	0.42	0.21	0.42	0.37
G	2	0.45	0.17	0.39	0.45
Q	2	0.43	0.17	0.40	0.43
R	2	0.42	0.17	0.41	0.42
L	1	0.45	0.26	0.45	0.29
D	1	0.45	0.20	0.45	0.35
V	1	0.44	0.26	0.44	0.30
D	2	0.43	0.16	0.41	0.43
Q	2	0.47	0.14	0.38	0.47
A	2	0.44	0.19	0.37	0.44
L	2	0.40	0.23	0.36	0.40
N	2	0.52	0.15	0.34	0.52
R	2	0.53	0.14	0.33	0.53
S	2	0.44	0.21	0.35	0.44
H	2	0.43	0.22	0.35	0.43
E	1	0.38	0.24	0.38	0.38
I	0	0.47	0.47	0.36	0.17
W	0	0.53	0.53	0.35	0.12
T	0	0.52	0.52	0.37	0.11
H	0	0.43	0.43	0.41	0.16
S	1	0.43	0.36	0.43	0.21
C	1	0.43	0.39	0.43	0.18
P	1	0.43	0.21	0.43	0.36
Q	2	0.54	0.12	0.34	0.54
S	2	0.63	0.08	0.28	0.63
P	2	0.75	0.05	0.21	0.75
G	2	0.80	0.04	0.17	0.80
N	2	0.82	0.03	0.15	0.82
G	2	0.81	0.03	0.16	0.81
T	2	0.81	0.03	0.16	0.81
D	2	0.82	0.03	0.15	0.82
A	2	0.82	0.03	0.15	0.82
S	2	0.87	0.02	0.11	0.87
H	2	0.88	0.02	0.10	0.88
