res	pred_5	P_max	P_0	P_1	P_2	P_3	P_4
M	4	0.67	0.01	0.02	0.08	0.21	0.67
E	4	0.68	0.01	0.02	0.08	0.21	0.68
S	4	0.64	0.02	0.03	0.09	0.22	0.64
R	4	0.60	0.02	0.03	0.11	0.24	0.60
G	4	0.52	0.03	0.05	0.14	0.26	0.52
P	4	0.44	0.04	0.07	0.17	0.28	0.44
L	4	0.35	0.08	0.12	0.20	0.26	0.35
A	4	0.28	0.13	0.15	0.21	0.23	0.28
T	4	0.28	0.15	0.16	0.19	0.22	0.28
S	4	0.26	0.18	0.17	0.19	0.20	0.26
R	4	0.25	0.19	0.18	0.19	0.19	0.25
L	0	0.24	0.24	0.20	0.18	0.17	0.21
L	0	0.28	0.28	0.22	0.17	0.15	0.18
L	0	0.31	0.31	0.23	0.17	0.14	0.16
L	0	0.33	0.33	0.24	0.16	0.13	0.13
L	0	0.35	0.35	0.25	0.16	0.12	0.12
L	0	0.34	0.34	0.26	0.17	0.12	0.11
L	0	0.30	0.30	0.25	0.18	0.14	0.13
L	0	0.26	0.26	0.25	0.20	0.15	0.14
L	1	0.23	0.22	0.23	0.21	0.18	0.16
L	2	0.22	0.17	0.20	0.22	0.20	0.21
R	4	0.28	0.11	0.15	0.22	0.25	0.28
H	4	0.30	0.11	0.14	0.20	0.24	0.30
T	4	0.30	0.12	0.15	0.20	0.23	0.30
R	4	0.33	0.09	0.12	0.20	0.26	0.33
Q	4	0.35	0.07	0.11	0.20	0.27	0.35
G	4	0.28	0.12	0.16	0.21	0.24	0.28
W	2	0.22	0.17	0.20	0.22	0.20	0.21
A	2	0.24	0.16	0.20	0.24	0.22	0.19
L	2	0.25	0.16	0.22	0.25	0.21	0.16
R	2	0.28	0.11	0.19	0.28	0.25	0.17
P	2	0.28	0.08	0.17	0.28	0.28	0.19
V	2	0.28	0.09	0.18	0.28	0.26	0.18
L	3	0.29	0.07	0.16	0.28	0.29	0.21
P	4	0.34	0.04	0.09	0.22	0.32	0.34
T	4	0.46	0.02	0.05	0.16	0.30	0.46
Q	4	0.54	0.02	0.04	0.13	0.27	0.54
S	4	0.56	0.02	0.04	0.12	0.26	0.56
A	4	0.54	0.02	0.04	0.13	0.27	0.54
H	4	0.56	0.02	0.04	0.12	0.26	0.56
D	4	0.50	0.02	0.05	0.15	0.29	0.50
P	3	0.33	0.04	0.09	0.23	0.33	0.32
P	3	0.31	0.06	0.14	0.28	0.31	0.22
A	2	0.29	0.12	0.22	0.29	0.24	0.14
V	1	0.28	0.20	0.28	0.26	0.17	0.09
H	1	0.27	0.18	0.27	0.27	0.18	0.10
L	2	0.27	0.15	0.22	0.27	0.22	0.15
S	4	0.30	0.06	0.12	0.23	0.29	0.30
N	4	0.48	0.03	0.06	0.16	0.28	0.48
G	4	0.51	0.03	0.05	0.14	0.27	0.51
P	4	0.52	0.02	0.05	0.14	0.27	0.52
G	4	0.47	0.03	0.06	0.16	0.29	0.47
Q	4	0.37	0.05	0.09	0.20	0.29	0.37
E	3	0.27	0.09	0.14	0.23	0.27	0.27
P	2	0.26	0.16	0.23	0.26	0.20	0.15
I	1	0.29	0.26	0.29	0.22	0.14	0.09
A	0	0.31	0.31	0.31	0.19	0.11	0.07
V	0	0.32	0.32	0.32	0.19	0.11	0.06
M	1	0.28	0.26	0.28	0.21	0.14	0.10
T	2	0.24	0.18	0.24	0.24	0.19	0.15
F	2	0.26	0.15	0.23	0.26	0.20	0.16
D	3	0.31	0.05	0.12	0.25	0.31	0.27
L	3	0.31	0.05	0.11	0.25	0.31	0.28
T	4	0.37	0.03	0.07	0.21	0.33	0.37
K	4	0.37	0.03	0.07	0.20	0.32	0.37
I	3	0.31	0.05	0.11	0.25	0.31	0.28
T	3	0.31	0.05	0.12	0.26	0.31	0.26
K	3	0.30	0.06	0.14	0.27	0.30	0.23
T	2	0.30	0.12	0.23	0.30	0.22	0.13
S	2	0.30	0.13	0.26	0.30	0.21	0.11
S	1	0.35	0.32	0.35	0.20	0.09	0.04
S	0	0.40	0.40	0.36	0.15	0.06	0.03
F	0	0.55	0.55	0.32	0.08	0.03	0.02
E	0	0.46	0.46	0.35	0.12	0.05	0.02
V	0	0.53	0.53	0.33	0.09	0.03	0.02
R	1	0.36	0.34	0.36	0.18	0.08	0.04
T	1	0.34	0.29	0.34	0.21	0.11	0.05
W	1	0.28	0.18	0.28	0.27	0.18	0.10
D	2	0.30	0.09	0.19	0.30	0.27	0.15
P	2	0.32	0.09	0.21	0.32	0.26	0.12
E	2	0.31	0.15	0.29	0.31	0.18	0.07
G	0	0.45	0.45	0.36	0.13	0.05	0.02
V	0	0.64	0.64	0.28	0.05	0.02	0.01
I	0	0.66	0.66	0.27	0.05	0.02	0.01
F	0	0.66	0.66	0.27	0.05	0.02	0.01
Y	0	0.63	0.63	0.28	0.06	0.02	0.01
G	1	0.36	0.30	0.36	0.21	0.09	0.04
D	3	0.30	0.06	0.15	0.29	0.30	0.20
T	3	0.33	0.03	0.09	0.23	0.33	0.32
N	4	0.37	0.03	0.07	0.20	0.33	0.37
P	4	0.36	0.02	0.07	0.21	0.34	0.36
K	3	0.35	0.03	0.08	0.24	0.35	0.30
D	3	0.33	0.04	0.14	0.32	0.33	0.17
D	2	0.34	0.14	0.31	0.34	0.16	0.05
W	0	0.47	0.47	0.35	0.12	0.04	0.02
F	0	0.63	0.63	0.28	0.06	0.02	0.01
M	0	0.63	0.63	0.28	0.06	0.02	0.01
L	0	0.63	0.63	0.28	0.06	0.02	0.01
G	0	0.57	0.57	0.32	0.08	0.03	0.01
L	0	0.50	0.50	0.34	0.10	0.04	0.02
R	1	0.30	0.19	0.30	0.27	0.16	0.07
D	2	0.28	0.11	0.20	0.28	0.25	0.16
G	2	0.27	0.17	0.26	0.27	0.20	0.11
R	1	0.34	0.27	0.34	0.22	0.12	0.05
P	0	0.42	0.42	0.35	0.14	0.06	0.03
E	0	0.48	0.48	0.35	0.11	0.04	0.02
I	0	0.62	0.62	0.29	0.06	0.02	0.01
Q	0	0.61	0.61	0.30	0.06	0.02	0.01
L	0	0.59	0.59	0.30	0.07	0.03	0.01
H	0	0.37	0.37	0.31	0.16	0.09	0.07
N	0	0.27	0.27	0.24	0.18	0.15	0.16
H	4	0.23	0.18	0.19	0.19	0.20	0.23
W	4	0.22	0.20	0.20	0.19	0.19	0.22
A	1	0.22	0.19	0.22	0.21	0.19	0.19
Q	2	0.25	0.16	0.23	0.25	0.21	0.15
L	1	0.33	0.30	0.33	0.20	0.11	0.06
T	1	0.34	0.30	0.34	0.20	0.10	0.05
V	1	0.34	0.28	0.34	0.21	0.11	0.06
G	2	0.30	0.13	0.25	0.30	0.21	0.11
A	2	0.29	0.11	0.21	0.29	0.24	0.15
G	3	0.31	0.06	0.14	0.27	0.31	0.23
P	3	0.31	0.05	0.12	0.26	0.31	0.25
R	3	0.31	0.05	0.13	0.27	0.31	0.23
L	2	0.29	0.11	0.21	0.29	0.24	0.15
D	3	0.30	0.06	0.13	0.25	0.30	0.26
D	3	0.28	0.07	0.14	0.25	0.28	0.25
G	2	0.29	0.08	0.18	0.29	0.27	0.18
R	2	0.30	0.14	0.28	0.30	0.19	0.09
W	1	0.35	0.34	0.35	0.18	0.09	0.04
H	0	0.45	0.45	0.35	0.12	0.05	0.02
Q	0	0.48	0.48	0.35	0.11	0.04	0.02
V	0	0.55	0.55	0.32	0.08	0.03	0.01
E	0	0.40	0.40	0.37	0.15	0.06	0.02
V	0	0.41	0.41	0.36	0.15	0.06	0.03
K	2	0.31	0.14	0.28	0.31	0.19	0.08
M	2	0.28	0.08	0.17	0.28	0.27	0.19
E	3	0.31	0.05	0.10	0.23	0.31	0.30
G	4	0.36	0.04	0.08	0.20	0.32	0.36
D	3	0.32	0.04	0.09	0.23	0.32	0.32
S	2	0.32	0.09	0.21	0.32	0.26	0.13
V	1	0.35	0.25	0.35	0.24	0.11	0.04
L	1	0.37	0.31	0.37	0.20	0.09	0.03
L	0	0.45	0.45	0.36	0.13	0.05	0.02
E	1	0.36	0.28	0.36	0.22	0.10	0.04
V	1	0.36	0.27	0.36	0.22	0.10	0.04
D	2	0.31	0.10	0.22	0.31	0.24	0.13
G	3	0.31	0.05	0.12	0.26	0.31	0.25
E	3	0.32	0.05	0.11	0.24	0.32	0.28
E	3	0.31	0.05	0.12	0.24	0.31	0.28
V	3	0.27	0.09	0.16	0.25	0.27	0.22
L	2	0.26	0.10	0.18	0.26	0.25	0.21
R	3	0.29	0.07	0.14	0.26	0.29	0.23
L	3	0.27	0.09	0.17	0.26	0.27	0.21
R	4	0.32	0.06	0.11	0.22	0.29	0.32
Q	4	0.38	0.05	0.09	0.20	0.29	0.38
V	4	0.36	0.06	0.11	0.20	0.27	0.36
S	4	0.47	0.03	0.06	0.16	0.28	0.47
G	4	0.45	0.03	0.07	0.17	0.29	0.45
P	4	0.40	0.03	0.07	0.19	0.30	0.40
L	4	0.33	0.06	0.11	0.22	0.29	0.33
T	4	0.31	0.07	0.12	0.22	0.28	0.31
S	4	0.31	0.07	0.12	0.22	0.28	0.31
K	4	0.30	0.08	0.13	0.23	0.27	0.30
R	2	0.24	0.14	0.20	0.24	0.22	0.20
H	2	0.24	0.16	0.22	0.24	0.21	0.18
P	2	0.23	0.18	0.23	0.23	0.19	0.16
I	2	0.24	0.18	0.23	0.24	0.19	0.15
M	1	0.28	0.23	0.28	0.24	0.16	0.10
R	0	0.33	0.33	0.32	0.19	0.10	0.06
I	0	0.60	0.60	0.29	0.07	0.03	0.02
A	0	0.65	0.65	0.27	0.05	0.02	0.01
L	0	0.65	0.65	0.27	0.05	0.02	0.01
G	0	0.65	0.65	0.27	0.05	0.02	0.01
G	0	0.63	0.63	0.28	0.06	0.02	0.01
L	0	0.54	0.54	0.31	0.09	0.04	0.02
L	1	0.29	0.27	0.29	0.19	0.13	0.11
F	1	0.24	0.19	0.24	0.21	0.18	0.18
P	4	0.28	0.08	0.15	0.23	0.26	0.28
A	4	0.37	0.06	0.10	0.20	0.27	0.37
S	4	0.43	0.04	0.08	0.17	0.28	0.43
N	4	0.40	0.05	0.09	0.19	0.28	0.40
L	4	0.32	0.07	0.12	0.21	0.27	0.32
R	4	0.30	0.07	0.13	0.23	0.28	0.30
L	2	0.27	0.10	0.18	0.27	0.26	0.21
P	2	0.28	0.08	0.17	0.28	0.27	0.20
L	2	0.27	0.11	0.20	0.27	0.24	0.17
V	2	0.28	0.12	0.22	0.28	0.23	0.15
P	2	0.28	0.11	0.20	0.28	0.25	0.16
A	2	0.27	0.16	0.25	0.27	0.20	0.12
L	1	0.34	0.33	0.34	0.18	0.09	0.05
D	1	0.33	0.26	0.33	0.23	0.12	0.06
G	0	0.43	0.43	0.34	0.13	0.06	0.03
C	0	0.53	0.53	0.32	0.09	0.04	0.02
L	0	0.55	0.55	0.32	0.09	0.03	0.02
R	1	0.37	0.35	0.37	0.18	0.08	0.03
R	1	0.32	0.20	0.32	0.27	0.15	0.06
D	2	0.30	0.14	0.26	0.30	0.20	0.09
S	2	0.32	0.11	0.24	0.32	0.23	0.11
W	2	0.28	0.15	0.26	0.28	0.20	0.12
L	3	0.31	0.06	0.15	0.29	0.31	0.20
D	3	0.34	0.03	0.08	0.23	0.34	0.31
K	3	0.34	0.03	0.08	0.23	0.34	0.32
Q	3	0.33	0.04	0.09	0.24	0.33	0.30
A	3	0.30	0.06	0.14	0.27	0.30	0.23
E	3	0.33	0.04	0.11	0.26	0.33	0.26
I	3	0.28	0.07	0.15	0.27	0.28	0.22
S	3	0.29	0.07	0.13	0.25	0.29	0.26
A	4	0.30	0.06	0.12	0.23	0.29	0.30
S	4	0.39	0.04	0.08	0.19	0.29	0.39
A	4	0.37	0.05	0.10	0.20	0.28	0.37
P	4	0.39	0.05	0.09	0.19	0.29	0.39
T	4	0.36	0.06	0.11	0.20	0.27	0.36
S	4	0.35	0.07	0.11	0.20	0.27	0.35
L	4	0.30	0.09	0.14	0.22	0.26	0.30
R	4	0.31	0.07	0.12	0.22	0.28	0.31
S	4	0.28	0.08	0.14	0.23	0.27	0.28
C	2	0.24	0.13	0.19	0.24	0.22	0.22
D	3	0.28	0.07	0.13	0.24	0.28	0.28
V	4	0.31	0.06	0.12	0.23	0.29	0.31
E	4	0.38	0.04	0.08	0.20	0.30	0.38
S	4	0.31	0.06	0.12	0.23	0.29	0.31
N	3	0.26	0.10	0.17	0.25	0.26	0.22
P	2	0.25	0.15	0.22	0.25	0.22	0.16
G	1	0.30	0.26	0.30	0.22	0.14	0.09
I	0	0.36	0.36	0.33	0.17	0.09	0.05
F	0	0.40	0.40	0.33	0.15	0.07	0.05
L	1	0.32	0.30	0.32	0.20	0.11	0.07
P	2	0.28	0.13	0.23	0.28	0.22	0.14
P	3	0.29	0.07	0.15	0.27	0.29	0.22
G	2	0.26	0.10	0.18	0.26	0.26	0.21
T	1	0.27	0.22	0.27	0.22	0.17	0.12
Q	0	0.36	0.36	0.33	0.17	0.09	0.05
A	0	0.48	0.48	0.34	0.11	0.05	0.02
E	0	0.38	0.38	0.36	0.16	0.07	0.03
F	0	0.46	0.46	0.35	0.12	0.05	0.02
N	1	0.35	0.25	0.35	0.24	0.12	0.05
L	2	0.29	0.14	0.25	0.29	0.21	0.11
R	3	0.32	0.04	0.11	0.25	0.32	0.27
D	4	0.35	0.04	0.09	0.21	0.31	0.35
I	4	0.32	0.05	0.11	0.23	0.30	0.32
P	4	0.39	0.03	0.07	0.19	0.32	0.39
Q	4	0.44	0.03	0.06	0.17	0.31	0.44
P	4	0.40	0.03	0.07	0.19	0.31	0.40
H	4	0.34	0.05	0.10	0.22	0.30	0.34
A	4	0.34	0.05	0.10	0.22	0.30	0.34
E	4	0.32	0.05	0.10	0.23	0.30	0.32
P	3	0.27	0.08	0.15	0.26	0.27	0.24
W	2	0.27	0.15	0.24	0.27	0.20	0.14
A	1	0.27	0.18	0.27	0.27	0.18	0.11
F	1	0.32	0.24	0.32	0.23	0.13	0.07
S	1	0.33	0.24	0.33	0.24	0.13	0.06
L	0	0.41	0.41	0.36	0.15	0.06	0.03
D	1	0.37	0.32	0.37	0.20	0.09	0.03
L	0	0.41	0.41	0.36	0.14	0.06	0.02
G	1	0.37	0.28	0.37	0.22	0.10	0.03
L	1	0.37	0.30	0.37	0.21	0.09	0.04
K	2	0.32	0.12	0.26	0.32	0.21	0.09
Q	2	0.29	0.08	0.18	0.29	0.28	0.18
A	3	0.30	0.06	0.14	0.27	0.30	0.23
A	3	0.32	0.05	0.12	0.25	0.32	0.26
G	3	0.30	0.06	0.13	0.26	0.30	0.24
S	2	0.29	0.12	0.22	0.29	0.24	0.13
G	1	0.35	0.31	0.35	0.20	0.10	0.04
H	0	0.54	0.54	0.32	0.09	0.03	0.02
L	0	0.64	0.64	0.28	0.05	0.02	0.01
L	0	0.65	0.65	0.27	0.05	0.02	0.01
A	0	0.64	0.64	0.28	0.05	0.02	0.01
L	0	0.53	0.53	0.33	0.09	0.03	0.02
G	1	0.31	0.20	0.31	0.27	0.15	0.07
T	3	0.29	0.07	0.16	0.29	0.29	0.20
P	4	0.34	0.03	0.08	0.22	0.33	0.34
E	4	0.51	0.02	0.04	0.14	0.29	0.51
N	4	0.42	0.02	0.06	0.18	0.32	0.42
P	3	0.34	0.04	0.11	0.27	0.34	0.24
S	2	0.35	0.10	0.24	0.35	0.23	0.08
W	1	0.38	0.32	0.38	0.20	0.08	0.03
L	0	0.58	0.58	0.31	0.07	0.03	0.01
S	0	0.62	0.62	0.29	0.06	0.02	0.01
L	0	0.62	0.62	0.29	0.06	0.02	0.01
H	0	0.52	0.52	0.34	0.10	0.04	0.02
L	0	0.38	0.38	0.37	0.16	0.06	0.02
Q	2	0.33	0.11	0.24	0.33	0.23	0.09
D	3	0.32	0.05	0.14	0.30	0.32	0.19
Q	2	0.32	0.06	0.16	0.32	0.31	0.15
K	2	0.34	0.12	0.28	0.34	0.20	0.07
V	1	0.37	0.34	0.37	0.18	0.07	0.03
V	0	0.37	0.37	0.37	0.16	0.06	0.02
L	0	0.52	0.52	0.33	0.09	0.04	0.02
S	0	0.39	0.39	0.36	0.16	0.07	0.03
S	1	0.32	0.27	0.32	0.22	0.13	0.06
G	3	0.27	0.09	0.16	0.25	0.27	0.23
S	4	0.35	0.06	0.11	0.21	0.27	0.35
G	4	0.43	0.03	0.07	0.17	0.29	0.43
P	4	0.44	0.03	0.06	0.17	0.29	0.44
G	4	0.39	0.04	0.08	0.19	0.30	0.39
L	3	0.29	0.06	0.13	0.24	0.29	0.28
D	3	0.29	0.07	0.14	0.25	0.29	0.25
L	2	0.29	0.12	0.22	0.29	0.23	0.14
P	2	0.29	0.13	0.24	0.29	0.22	0.12
L	1	0.28	0.22	0.28	0.24	0.15	0.11
V	2	0.24	0.18	0.24	0.24	0.19	0.16
L	2	0.24	0.13	0.19	0.24	0.22	0.21
G	2	0.24	0.14	0.20	0.24	0.22	0.20
L	1	0.27	0.20	0.27	0.24	0.17	0.12
P	1	0.33	0.31	0.33	0.19	0.10	0.05
L	0	0.41	0.41	0.36	0.15	0.06	0.03
Q	0	0.44	0.44	0.36	0.13	0.05	0.02
L	0	0.52	0.52	0.33	0.09	0.04	0.02
K	1	0.37	0.35	0.37	0.18	0.07	0.03
L	1	0.35	0.33	0.35	0.19	0.09	0.04
S	2	0.26	0.16	0.24	0.26	0.20	0.13
M	3	0.26	0.11	0.17	0.24	0.26	0.22
S	2	0.25	0.11	0.18	0.25	0.25	0.20
R	2	0.28	0.15	0.26	0.28	0.20	0.10
V	1	0.36	0.32	0.36	0.19	0.09	0.04
V	1	0.37	0.33	0.37	0.19	0.08	0.03
L	0	0.40	0.40	0.36	0.15	0.06	0.03
S	1	0.33	0.21	0.33	0.27	0.14	0.05
Q	2	0.29	0.13	0.24	0.29	0.22	0.12
G	3	0.32	0.04	0.10	0.24	0.32	0.30
S	4	0.45	0.03	0.06	0.17	0.30	0.45
K	4	0.50	0.02	0.05	0.15	0.28	0.50
M	4	0.44	0.03	0.06	0.17	0.30	0.44
K	4	0.43	0.03	0.06	0.18	0.31	0.43
A	4	0.35	0.05	0.09	0.21	0.30	0.35
L	4	0.33	0.05	0.10	0.22	0.30	0.33
A	3	0.30	0.06	0.13	0.25	0.30	0.27
L	3	0.30	0.07	0.13	0.25	0.30	0.26
P	4	0.36	0.04	0.09	0.21	0.31	0.36
P	4	0.43	0.03	0.07	0.17	0.29	0.43
L	4	0.44	0.04	0.07	0.17	0.28	0.44
G	4	0.45	0.03	0.07	0.17	0.29	0.45
L	4	0.37	0.06	0.10	0.20	0.28	0.37
A	4	0.33	0.06	0.11	0.21	0.29	0.33
P	4	0.29	0.07	0.13	0.23	0.28	0.29
L	4	0.24	0.13	0.18	0.23	0.23	0.24
L	2	0.23	0.15	0.20	0.23	0.22	0.21
N	2	0.25	0.13	0.20	0.25	0.23	0.18
L	2	0.25	0.18	0.25	0.25	0.19	0.13
W	1	0.24	0.18	0.24	0.24	0.18	0.16
A	2	0.25	0.17	0.24	0.25	0.19	0.15
K	3	0.30	0.06	0.14	0.27	0.30	0.22
P	3	0.32	0.04	0.11	0.26	0.32	0.26
Q	3	0.33	0.04	0.09	0.23	0.33	0.31
G	2	0.31	0.08	0.18	0.31	0.27	0.15
R	1	0.31	0.18	0.31	0.29	0.16	0.06
L	0	0.55	0.55	0.32	0.08	0.03	0.02
F	0	0.64	0.64	0.28	0.05	0.02	0.01
L	0	0.66	0.66	0.27	0.05	0.02	0.01
G	0	0.64	0.64	0.28	0.05	0.02	0.01
A	0	0.57	0.57	0.30	0.08	0.03	0.02
L	0	0.33	0.33	0.32	0.18	0.10	0.07
P	2	0.27	0.10	0.19	0.27	0.25	0.20
G	4	0.32	0.04	0.09	0.23	0.32	0.32
E	4	0.42	0.03	0.06	0.18	0.31	0.42
D	4	0.45	0.02	0.06	0.17	0.30	0.45
S	4	0.31	0.05	0.11	0.23	0.30	0.31
S	3	0.27	0.09	0.17	0.26	0.27	0.21
T	1	0.29	0.25	0.29	0.22	0.15	0.10
S	1	0.35	0.31	0.35	0.20	0.10	0.04
F	0	0.51	0.51	0.33	0.10	0.04	0.02
C	0	0.57	0.57	0.31	0.08	0.03	0.01
L	0	0.58	0.58	0.31	0.07	0.03	0.01
N	0	0.42	0.42	0.36	0.14	0.06	0.02
G	0	0.36	0.36	0.36	0.17	0.07	0.03
L	0	0.41	0.41	0.35	0.14	0.06	0.03
W	1	0.35	0.28	0.35	0.22	0.11	0.05
A	1	0.31	0.23	0.31	0.24	0.14	0.08
Q	2	0.29	0.08	0.18	0.29	0.28	0.17
G	3	0.29	0.07	0.15	0.27	0.29	0.21
Q	3	0.28	0.07	0.16	0.27	0.28	0.22
R	3	0.29	0.07	0.16	0.28	0.29	0.19
L	2	0.28	0.13	0.23	0.28	0.22	0.13
D	2	0.31	0.09	0.20	0.31	0.26	0.14
V	2	0.28	0.14	0.24	0.28	0.22	0.12
D	2	0.31	0.08	0.18	0.31	0.28	0.15
Q	3	0.30	0.07	0.16	0.29	0.30	0.18
A	3	0.26	0.10	0.17	0.26	0.26	0.21
L	2	0.24	0.13	0.19	0.24	0.23	0.22
N	4	0.30	0.07	0.12	0.23	0.28	0.30
R	4	0.30	0.07	0.12	0.23	0.28	0.30
S	4	0.27	0.11	0.16	0.22	0.24	0.27
H	4	0.27	0.12	0.16	0.22	0.24	0.27
E	3	0.25	0.11	0.17	0.24	0.25	0.23
I	1	0.26	0.25	0.26	0.20	0.15	0.13
W	0	0.30	0.30	0.29	0.19	0.12	0.10
T	0	0.31	0.31	0.30	0.19	0.12	0.08
H	1	0.29	0.28	0.29	0.21	0.14	0.09
S	1	0.27	0.22	0.27	0.23	0.17	0.11
C	1	0.28	0.22	0.28	0.24	0.16	0.10
P	2	0.28	0.09	0.18	0.28	0.27	0.18
Q	3	0.32	0.05	0.11	0.24	0.32	0.29
S	4	0.37	0.04	0.08	0.20	0.31	0.37
P	4	0.49	0.02	0.05	0.15	0.29	0.49
G	4	0.57	0.02	0.04	0.12	0.26	0.57
N	4	0.59	0.02	0.03	0.11	0.25	0.59
G	4	0.56	0.02	0.04	0.12	0.27	0.56
T	4	0.55	0.02	0.04	0.13	0.27	0.55
D	4	0.57	0.02	0.04	0.12	0.26	0.57
A	4	0.59	0.02	0.03	0.11	0.25	0.59
S	4	0.68	0.01	0.02	0.08	0.21	0.68
H	4	0.71	0.01	0.02	0.07	0.19	0.71
